nAtom 1000
region[1] 1.587401E+01
region[2] 1.587401E+01
region[2] 1.587401E+01
1 -7.143305E+00 -7.143305E+00 -7.143305E+00 -1.110181E-01 -4.067260E-02 7.866253E-02 
2 -5.555904E+00 -7.143305E+00 -7.143305E+00 1.109782E-01 5.771020E-02 6.204095E-02 
3 -3.968503E+00 -7.143305E+00 -7.143305E+00 -8.755650E-02 -1.082129E-01 -2.426166E-02 
4 -2.381102E+00 -7.143305E+00 -7.143305E+00 1.032798E-01 -4.517478E-02 7.924459E-02 
5 -7.937005E-01 -7.143305E+00 -7.143305E+00 -1.239857E-01 -2.679306E-02 6.518296E-02 
6 7.937005E-01 -7.143305E+00 -7.143305E+00 1.340422E-01 1.483210E-02 3.235442E-02 
7 2.381102E+00 -7.143305E+00 -7.143305E+00 -1.382986E-01 -3.741386E-02 -2.716269E-03 
8 3.968503E+00 -7.143305E+00 -7.143305E+00 7.979168E-03 -1.120694E-02 1.390328E-01 
9 5.555904E+00 -7.143305E+00 -7.143305E+00 -1.062036E-01 7.369099E-02 -6.600512E-02 
10 7.143305E+00 -7.143305E+00 -7.143305E+00 3.905607E-02 -5.210111E-02 1.222789E-01 
11 -7.143305E+00 -5.555904E+00 -7.143305E+00 -1.014713E-01 -9.713088E-02 -1.870217E-02 
12 -5.555904E+00 -5.555904E+00 -7.143305E+00 -6.315971E-02 -9.276221E-02 8.393438E-02 
13 -3.968503E+00 -5.555904E+00 -7.143305E+00 -5.584670E-02 -3.405388E-02 -1.270334E-01 
14 -2.381102E+00 -5.555904E+00 -7.143305E+00 1.161170E-01 7.452148E-02 -2.714920E-02 
15 -7.937005E-01 -5.555904E+00 -7.143305E+00 -6.562251E-02 1.287238E-02 -1.273928E-01 
16 7.937005E-01 -5.555904E+00 -7.143305E+00 2.753727E-02 -1.173949E-01 -6.980320E-02 
17 2.381102E+00 -5.555904E+00 -7.143305E+00 -1.053527E-01 9.963386E-02 -1.097759E-03 
18 3.968503E+00 -5.555904E+00 -7.143305E+00 1.055226E-01 -2.176389E-02 -8.889266E-02 
19 5.555904E+00 -5.555904E+00 -7.143305E+00 -5.190477E-02 -6.376705E-02 -1.160191E-01 
20 7.143305E+00 -5.555904E+00 -7.143305E+00 -4.435658E-02 -4.944154E-02 1.234516E-01 
21 -7.143305E+00 -3.968503E+00 -7.143305E+00 8.550136E-02 1.824615E-02 1.080751E-01 
22 -5.555904E+00 -3.968503E+00 -7.143305E+00 -4.828069E-02 1.360763E-01 -8.322106E-03 
23 -3.968503E+00 -3.968503E+00 -7.143305E+00 1.834389E-02 -1.017681E-01 9.187879E-02 
24 -2.381102E+00 -3.968503E+00 -7.143305E+00 -7.761552E-02 1.160077E-01 -3.965785E-02 
25 -7.937005E-01 -3.968503E+00 -7.143305E+00 -7.807185E-02 -1.038306E-01 -5.602311E-02 
26 7.937005E-01 -3.968503E+00 -7.143305E+00 -1.199277E-01 -3.402163E-02 -7.129166E-02 
27 2.381102E+00 -3.968503E+00 -7.143305E+00 7.717844E-02 4.019844E-02 -1.115940E-01 
28 3.968503E+00 -3.968503E+00 -7.143305E+00 4.163853E-03 6.932895E-02 -1.255958E-01 
29 5.555904E+00 -3.968503E+00 -7.143305E+00 -1.120964E-02 1.269171E-01 -6.772524E-02 
30 7.143305E+00 -3.968503E+00 -7.143305E+00 -4.793993E-02 -4.783822E-02 -1.253575E-01 
31 -7.143305E+00 -2.381102E+00 -7.143305E+00 -1.277139E-01 -4.667697E-02 4.275181E-02 
32 -5.555904E+00 -2.381102E+00 -7.143305E+00 -8.011245E-02 5.667287E-02 -1.063607E-01 
33 -3.968503E+00 -2.381102E+00 -7.143305E+00 -1.190711E-01 -7.589365E-02 -1.849125E-02 
34 -2.381102E+00 -2.381102E+00 -7.143305E+00 4.198548E-02 -9.362543E-02 9.229301E-02 
35 -7.937005E-01 -2.381102E+00 -7.143305E+00 -8.906403E-03 -1.379104E-01 -1.662489E-02 
36 7.937005E-01 -2.381102E+00 -7.143305E+00 -8.814872E-02 -5.518731E-02 -9.796772E-02 
37 2.381102E+00 -2.381102E+00 -7.143305E+00 8.287908E-02 1.090947E-01 3.461915E-02 
38 3.968503E+00 -2.381102E+00 -7.143305E+00 -5.199719E-02 1.271825E-01 4.341501E-02 
39 5.555904E+00 -2.381102E+00 -7.143305E+00 1.223261E-01 4.602995E-02 -5.075762E-02 
40 7.143305E+00 -2.381102E+00 -7.143305E+00 3.758399E-02 -1.311880E-01 -2.348575E-02 
41 -7.143305E+00 -7.937005E-01 -7.143305E+00 7.209212E-02 -8.773198E-02 7.781460E-02 
42 -5.555904E+00 -7.937005E-01 -7.143305E+00 -1.231362E-02 1.434869E-01 -1.617889E-03 
43 -3.968503E+00 -7.937005E-01 -7.143305E+00 -1.592823E-02 5.532899E-02 -1.316728E-01 
44 -2.381102E+00 -7.937005E-01 -7.143305E+00 -2.554744E-02 -1.281087E-03 1.381919E-01 
45 -7.937005E-01 -7.937005E-01 -7.143305E+00 2.117666E-02 -1.041301E-01 8.845929E-02 
46 7.937005E-01 -7.937005E-01 -7.143305E+00 4.868709E-02 -4.980108E-03 1.302199E-01 
47 2.381102E+00 -7.937005E-01 -7.143305E+00 1.139715E-01 -6.893262E-02 3.439838E-02 
48 3.968503E+00 -7.937005E-01 -7.143305E+00 1.132695E-01 -5.441697E-02 -5.866134E-02 
49 5.555904E+00 -7.937005E-01 -7.143305E+00 1.240657E-01 -4.281290E-02 4.188984E-02 
50 7.143305E+00 -7.937005E-01 -7.143305E+00 2.439592E-02 8.846895E-02 -1.101031E-01 
51 -7.143305E+00 7.937005E-01 -7.143305E+00 7.170836E-02 -1.105845E-01 -4.203806E-02 
52 -5.555904E+00 7.937005E-01 -7.143305E+00 9.836885E-02 -9.235163E-02 -2.909701E-02 
53 -3.968503E+00 7.937005E-01 -7.143305E+00 -2.816042E-03 1.203251E-01 -7.928021E-02 
54 -2.381102E+00 7.937005E-01 -7.143305E+00 1.121531E-01 7.450449E-02 3.874425E-02 
55 -7.937005E-01 7.937005E-01 -7.143305E+00 6.223804E-02 -1.224974E-01 -1.341178E-02 
56 7.937005E-01 7.937005E-01 -7.143305E+00 1.927136E-02 -1.367261E-01 -1.235811E-02 
57 2.381102E+00 7.937005E-01 -7.143305E+00 -7.839531E-02 -8.163814E-02 8.346585E-02 
58 3.968503E+00 7.937005E-01 -7.143305E+00 -1.081242E-01 2.936803E-02 -9.147936E-02 
59 5.555904E+00 7.937005E-01 -7.143305E+00 8.104671E-02 -2.330335E-02 1.096690E-01 
60 7.143305E+00 7.937005E-01 -7.143305E+00 2.818576E-02 2.016510E-03 -1.391842E-01 
61 -7.143305E+00 2.381102E+00 -7.143305E+00 1.915884E-02 -2.061127E-02 -1.389803E-01 
62 -5.555904E+00 2.381102E+00 -7.143305E+00 -1.124303E-01 1.927710E-02 8.624978E-02 
63 -3.968503E+00 2.381102E+00 -7.143305E+00 7.525549E-03 -1.269447E-01 -5.718517E-02 
64 -2.381102E+00 2.381102E+00 -7.143305E+00 -1.115776E-02 1.153260E-01 8.343026E-02 
65 -7.937005E-01 2.381102E+00 -7.143305E+00 1.323032E-01 3.923851E-02 1.881002E-02 
66 7.937005E-01 2.381102E+00 -7.143305E+00 1.245133E-01 5.896442E-02 2.334886E-02 
67 2.381102E+00 2.381102E+00 -7.143305E+00 1.368226E-01 1.798641E-02 1.527681E-02 
68 3.968503E+00 2.381102E+00 -7.143305E+00 1.022991E-01 -3.680750E-02 -8.735045E-02 
69 5.555904E+00 2.381102E+00 -7.143305E+00 -5.478962E-02 3.922513E-02 -1.274044E-01 
70 7.143305E+00 2.381102E+00 -7.143305E+00 -3.502292E-02 8.392324E-02 -1.121526E-01 
71 -7.143305E+00 3.968503E+00 -7.143305E+00 2.812199E-02 -5.408441E-02 1.245774E-01 
72 -5.555904E+00 3.968503E+00 -7.143305E+00 -6.216296E-03 6.674663E-02 -1.270882E-01 
73 -3.968503E+00 3.968503E+00 -7.143305E+00 -1.052830E-01 -5.920328E-02 -7.643847E-02 
74 -2.381102E+00 3.968503E+00 -7.143305E+00 -2.280036E-02 -5.842582E-02 -1.272188E-01 
75 -7.937005E-01 3.968503E+00 -7.143305E+00 -4.457223E-03 -1.244968E-01 6.086178E-02 
76 7.937005E-01 3.968503E+00 -7.143305E+00 -1.304194E-01 -5.365197E-02 -2.401225E-02 
77 2.381102E+00 3.968503E+00 -7.143305E+00 1.124145E-01 -7.594088E-02 -2.537005E-02 
78 3.968503E+00 3.968503E+00 -7.143305E+00 -8.721773E-02 2.987355E-02 -1.111817E-01 
79 5.555904E+00 3.968503E+00 -7.143305E+00 -6.975927E-02 9.064394E-02 -8.903946E-02 
80 7.143305E+00 3.968503E+00 -7.143305E+00 1.064567E-01 -1.650208E-02 -8.903084E-02 
81 -7.143305E+00 5.555904E+00 -7.143305E+00 1.281866E-01 4.482668E-02 3.122664E-02 
82 -5.555904E+00 5.555904E+00 -7.143305E+00 8.881762E-02 1.077395E-01 -2.409794E-02 
83 -3.968503E+00 5.555904E+00 -7.143305E+00 1.026461E-01 -2.249273E-02 8.963415E-02 
84 -2.381102E+00 5.555904E+00 -7.143305E+00 3.709515E-02 1.279834E-01 -5.264449E-02 
85 -7.937005E-01 5.555904E+00 -7.143305E+00 -1.364833E-01 1.722366E-02 4.192006E-02 
86 7.937005E-01 5.555904E+00 -7.143305E+00 -9.115879E-02 -7.502746E-02 -7.966932E-02 
87 2.381102E+00 5.555904E+00 -7.143305E+00 5.666173E-02 1.270599E-01 2.928524E-02 
88 3.968503E+00 5.555904E+00 -7.143305E+00 -2.886363E-02 3.235984E-02 1.344031E-01 
89 5.555904E+00 5.555904E+00 -7.143305E+00 -1.062520E-01 -9.178009E-02 -2.060232E-02 
90 7.143305E+00 5.555904E+00 -7.143305E+00 -7.588138E-02 3.817434E-02 -1.167870E-01 
91 -7.143305E+00 7.143305E+00 -7.143305E+00 -1.368068E-02 -9.925602E-02 9.628195E-02 
92 -5.555904E+00 7.143305E+00 -7.143305E+00 -1.241295E-01 7.474667E-02 1.845751E-03 
93 -3.968503E+00 7.143305E+00 -7.143305E+00 8.373902E-02 -6.602662E-03 1.102247E-01 
94 -2.381102E+00 7.143305E+00 -7.143305E+00 -9.590526E-02 9.165666E-02 5.651802E-02 
95 -7.937005E-01 7.143305E+00 -7.143305E+00 7.410366E-03 6.404249E-02 1.255810E-01 
96 7.937005E-01 7.143305E+00 -7.143305E+00 1.091429E-01 -2.888653E-02 7.930372E-02 
97 2.381102E+00 7.143305E+00 -7.143305E+00 -1.298638E-01 -3.077449E-02 -5.324927E-02 
98 3.968503E+00 7.143305E+00 -7.143305E+00 1.165832E-01 -1.392848E-02 7.280010E-02 
99 5.555904E+00 7.143305E+00 -7.143305E+00 3.550651E-02 1.287797E-01 -5.189372E-02 
100 7.143305E+00 7.143305E+00 -7.143305E+00 7.770247E-02 -4.838023E-02 1.033003E-01 
101 -7.143305E+00 -7.143305E+00 -5.555904E+00 2.504990E-02 1.279026E-01 5.770213E-02 
102 -5.555904E+00 -7.143305E+00 -5.555904E+00 3.803144E-02 1.101061E-01 8.081380E-02 
103 -3.968503E+00 -7.143305E+00 -5.555904E+00 -1.404233E-02 -4.912096E-02 -1.323611E-01 
104 -2.381102E+00 -7.143305E+00 -5.555904E+00 5.419263E-02 -1.094249E-01 -6.624402E-02 
105 -7.937005E-01 -7.143305E+00 -5.555904E+00 -7.389018E-02 -1.087736E-01 -5.162579E-02 
106 7.937005E-01 -7.143305E+00 -5.555904E+00 -5.129470E-02 -1.225524E-01 4.335079E-02 
107 2.381102E+00 -7.143305E+00 -5.555904E+00 8.481744E-02 2.408819E-02 -1.101232E-01 
108 3.968503E+00 -7.143305E+00 -5.555904E+00 -1.364150E-01 3.786893E-02 2.784020E-02 
109 5.555904E+00 -7.143305E+00 -5.555904E+00 -8.763516E-02 -5.413196E-02 -9.903749E-02 
110 7.143305E+00 -7.143305E+00 -5.555904E+00 2.124147E-02 1.226460E-01 6.920093E-02 
111 -7.143305E+00 -5.555904E+00 -5.555904E+00 4.533417E-02 -2.414006E-02 1.290009E-01 
112 -5.555904E+00 -5.555904E+00 -5.555904E+00 1.376518E-01 4.036463E-03 1.546961E-02 
113 -3.968503E+00 -5.555904E+00 -5.555904E+00 -8.031142E-02 7.424450E-02 9.257871E-02 
114 -2.381102E+00 -5.555904E+00 -5.555904E+00 -4.566534E-03 6.594101E-02 1.250329E-01 
115 -7.937005E-01 -5.555904E+00 -5.555904E+00 -1.454881E-03 1.899278E-02 -1.416248E-01 
116 7.937005E-01 -5.555904E+00 -5.555904E+00 1.140832E-01 5.833495E-02 5.550147E-02 
117 2.381102E+00 -5.555904E+00 -5.555904E+00 -7.516681E-02 -9.992082E-02 6.390839E-02 
118 3.968503E+00 -5.555904E+00 -5.555904E+00 -6.179884E-03 1.430882E-01 -1.513347E-02 
119 5.555904E+00 -5.555904E+00 -5.555904E+00 -9.361973E-02 -8.401793E-02 -6.631884E-02 
120 7.143305E+00 -5.555904E+00 -5.555904E+00 1.310025E-03 -1.037949E-01 9.187923E-02 
121 -7.143305E+00 -3.968503E+00 -5.555904E+00 -7.348845E-02 9.945119E-02 7.333083E-02 
122 -5.555904E+00 -3.968503E+00 -5.555904E+00 9.219220E-02 -1.022895E-01 3.454030E-04 
123 -3.968503E+00 -3.968503E+00 -5.555904E+00 -1.056762E-01 -7.556258E-02 -5.858408E-02 
124 -2.381102E+00 -3.968503E+00 -5.555904E+00 -1.043869E-01 9.630149E-02 2.762790E-02 
125 -7.937005E-01 -3.968503E+00 -5.555904E+00 7.525724E-02 9.164750E-02 7.588271E-02 
126 7.937005E-01 -3.968503E+00 -5.555904E+00 1.284036E-01 3.384488E-02 -4.376620E-02 
127 2.381102E+00 -3.968503E+00 -5.555904E+00 -1.350964E-01 -1.410650E-02 4.539840E-02 
128 3.968503E+00 -3.968503E+00 -5.555904E+00 -1.222599E-01 -2.335085E-02 -7.209069E-02 
129 5.555904E+00 -3.968503E+00 -5.555904E+00 6.599937E-02 -4.452222E-02 -1.154990E-01 
130 7.143305E+00 -3.968503E+00 -5.555904E+00 1.368316E-01 -4.806614E-03 2.016778E-02 
131 -7.143305E+00 -2.381102E+00 -5.555904E+00 -2.582349E-03 9.445343E-02 1.060724E-01 
132 -5.555904E+00 -2.381102E+00 -5.555904E+00 1.035700E-01 -6.384366E-02 6.425192E-02 
133 -3.968503E+00 -2.381102E+00 -5.555904E+00 5.061769E-02 -7.177243E-02 -1.090751E-01 
134 -2.381102E+00 -2.381102E+00 -5.555904E+00 -3.209388E-03 1.283773E-01 6.298168E-02 
135 -7.937005E-01 -2.381102E+00 -5.555904E+00 -3.150407E-02 -9.607498E-02 -9.841019E-02 
136 7.937005E-01 -2.381102E+00 -5.555904E+00 -5.100068E-02 -9.150264E-02 -9.514858E-02 
137 2.381102E+00 -2.381102E+00 -5.555904E+00 2.209815E-02 -9.723389E-02 9.583533E-02 
138 3.968503E+00 -2.381102E+00 -5.555904E+00 -2.880947E-03 -1.300805E-01 4.786134E-02 
139 5.555904E+00 -2.381102E+00 -5.555904E+00 5.479975E-02 1.657845E-02 -1.296037E-01 
140 7.143305E+00 -2.381102E+00 -5.555904E+00 6.925991E-02 -7.385346E-02 -9.600014E-02 
141 -7.143305E+00 -7.937005E-01 -5.555904E+00 -8.643796E-02 -1.003253E-01 -5.025853E-02 
142 -5.555904E+00 -7.937005E-01 -5.555904E+00 1.171367E-01 7.647750E-02 1.065570E-02 
143 -3.968503E+00 -7.937005E-01 -5.555904E+00 1.015783E-01 6.915810E-02 -6.950203E-02 
144 -2.381102E+00 -7.937005E-01 -5.555904E+00 -6.921358E-02 -7.156004E-05 -1.259459E-01 
145 -7.937005E-01 -7.937005E-01 -5.555904E+00 1.215601E-01 -3.470609E-02 5.494977E-02 
146 7.937005E-01 -7.937005E-01 -5.555904E+00 -3.703807E-02 1.254350E-01 5.940490E-02 
147 2.381102E+00 -7.937005E-01 -5.555904E+00 -1.274848E-01 -5.387264E-02 3.388384E-02 
148 3.968503E+00 -7.937005E-01 -5.555904E+00 -4.076256E-02 -1.132119E-01 7.051474E-02 
149 5.555904E+00 -7.937005E-01 -5.555904E+00 1.306490E-01 2.218838E-02 4.128989E-02 
150 7.143305E+00 -7.937005E-01 -5.555904E+00 6.005382E-02 3.370224E-02 1.214960E-01 
151 -7.143305E+00 7.937005E-01 -5.555904E+00 6.484478E-02 -7.950408E-02 -9.451890E-02 
152 -5.555904E+00 7.937005E-01 -5.555904E+00 -1.003414E-01 1.013494E-01 -2.708421E-02 
153 -3.968503E+00 7.937005E-01 -5.555904E+00 9.536793E-02 -9.714133E-02 -2.226961E-02 
154 -2.381102E+00 7.937005E-01 -5.555904E+00 9.952792E-02 -6.692106E-02 -6.991956E-02 
155 -7.937005E-01 7.937005E-01 -5.555904E+00 -1.061397E-01 2.541827E-02 -9.480622E-02 
156 7.937005E-01 7.937005E-01 -5.555904E+00 -7.159702E-02 -1.013574E-01 6.548863E-02 
157 2.381102E+00 7.937005E-01 -5.555904E+00 3.632761E-02 -4.928838E-02 -1.268626E-01 
158 3.968503E+00 7.937005E-01 -5.555904E+00 -1.105910E-01 -1.717925E-02 8.793117E-02 
159 5.555904E+00 7.937005E-01 -5.555904E+00 -1.357403E-01 9.149819E-03 4.602629E-02 
160 7.143305E+00 7.937005E-01 -5.555904E+00 7.587234E-02 -1.097610E-01 -3.606670E-02 
161 -7.143305E+00 2.381102E+00 -5.555904E+00 4.025946E-02 1.322468E-01 -3.718208E-02 
162 -5.555904E+00 2.381102E+00 -5.555904E+00 6.091091E-02 -1.106195E-01 5.483986E-02 
163 -3.968503E+00 2.381102E+00 -5.555904E+00 -1.308277E-01 -5.267945E-02 -2.409436E-02 
164 -2.381102E+00 2.381102E+00 -5.555904E+00 -3.667153E-02 6.321362E-02 1.217762E-01 
165 -7.937005E-01 2.381102E+00 -5.555904E+00 1.120556E-01 -7.474713E-02 2.790654E-02 
166 7.937005E-01 2.381102E+00 -5.555904E+00 5.730264E-02 -1.245484E-01 1.449053E-02 
167 2.381102E+00 2.381102E+00 -5.555904E+00 -3.220601E-02 -8.285595E-02 1.075152E-01 
168 3.968503E+00 2.381102E+00 -5.555904E+00 -1.030413E-01 5.991462E-02 8.005637E-02 
169 5.555904E+00 2.381102E+00 -5.555904E+00 -4.384940E-02 1.363848E-01 -2.000627E-02 
170 7.143305E+00 2.381102E+00 -5.555904E+00 -7.299997E-02 9.087179E-02 -8.623001E-02 
171 -7.143305E+00 3.968503E+00 -5.555904E+00 2.131216E-02 1.008647E-01 9.734509E-02 
172 -5.555904E+00 3.968503E+00 -5.555904E+00 -6.107188E-02 -8.824896E-02 9.009379E-02 
173 -3.968503E+00 3.968503E+00 -5.555904E+00 -1.958991E-02 -6.146254E-02 1.236827E-01 
174 -2.381102E+00 3.968503E+00 -5.555904E+00 7.286870E-02 -1.160003E-01 1.410878E-02 
175 -7.937005E-01 3.968503E+00 -5.555904E+00 8.110412E-02 -1.070206E-02 -1.143153E-01 
176 7.937005E-01 3.968503E+00 -5.555904E+00 -1.016876E-02 1.382041E-01 3.746590E-02 
177 2.381102E+00 3.968503E+00 -5.555904E+00 1.156131E-01 4.916114E-02 6.041042E-02 
178 3.968503E+00 3.968503E+00 -5.555904E+00 1.018974E-01 -8.856642E-02 2.619633E-02 
179 5.555904E+00 3.968503E+00 -5.555904E+00 9.225145E-02 1.031210E-01 2.760997E-02 
180 7.143305E+00 3.968503E+00 -5.555904E+00 2.089551E-02 8.424221E-02 -1.141020E-01 
181 -7.143305E+00 5.555904E+00 -5.555904E+00 6.137148E-02 8.369842E-02 9.506332E-02 
182 -5.555904E+00 5.555904E+00 -5.555904E+00 -3.605473E-02 5.127977E-02 1.271420E-01 
183 -3.968503E+00 5.555904E+00 -5.555904E+00 -4.747675E-03 6.051912E-02 1.276127E-01 
184 -2.381102E+00 5.555904E+00 -5.555904E+00 1.215825E-01 -5.333233E-02 -3.894752E-02 
185 -7.937005E-01 5.555904E+00 -5.555904E+00 -6.378763E-02 -1.050373E-01 6.724479E-02 
186 7.937005E-01 5.555904E+00 -5.555904E+00 -1.419958E-01 -1.508097E-02 -1.762690E-02 
187 2.381102E+00 5.555904E+00 -5.555904E+00 -7.880531E-02 -6.656759E-02 -9.831766E-02 
188 3.968503E+00 5.555904E+00 -5.555904E+00 -2.345617E-02 1.940524E-02 1.375385E-01 
189 5.555904E+00 5.555904E+00 -5.555904E+00 1.336308E-02 -3.734249E-02 -1.359248E-01 
190 7.143305E+00 5.555904E+00 -5.555904E+00 4.790225E-02 1.260663E-01 4.503405E-02 
191 -7.143305E+00 7.143305E+00 -5.555904E+00 -8.015006E-02 3.360337E-02 1.128185E-01 
192 -5.555904E+00 7.143305E+00 -5.555904E+00 7.899035E-02 -6.588765E-02 9.167568E-02 
193 -3.968503E+00 7.143305E+00 -5.555904E+00 -1.846673E-02 7.452096E-02 -1.218279E-01 
194 -2.381102E+00 7.143305E+00 -5.555904E+00 -1.102558E-01 5.459128E-02 -7.670833E-02 
195 -7.937005E-01 7.143305E+00 -5.555904E+00 1.157236E-01 5.998251E-02 5.020967E-02 
196 7.937005E-01 7.143305E+00 -5.555904E+00 -1.318018E-01 -5.477724E-02 4.714777E-03 
197 2.381102E+00 7.143305E+00 -5.555904E+00 -1.106514E-01 -8.672022E-02 -2.054070E-02 
198 3.968503E+00 7.143305E+00 -5.555904E+00 8.762610E-02 -2.232633E-02 1.046138E-01 
199 5.555904E+00 7.143305E+00 -5.555904E+00 -2.868704E-02 -1.190249E-01 6.616681E-02 
200 7.143305E+00 7.143305E+00 -5.555904E+00 -1.302409E-01 9.884425E-03 -6.172825E-02 
201 -7.143305E+00 -7.143305E+00 -3.968503E+00 -2.095268E-02 -8.669558E-02 -1.094034E-01 
202 -5.555904E+00 -7.143305E+00 -3.968503E+00 1.319082E-01 4.082099E-03 4.186237E-02 
203 -3.968503E+00 -7.143305E+00 -3.968503E+00 -1.317753E-01 1.314397E-02 -5.786152E-02 
204 -2.381102E+00 -7.143305E+00 -3.968503E+00 -8.891609E-02 3.687075E-02 -1.078449E-01 
205 -7.937005E-01 -7.143305E+00 -3.968503E+00 1.318527E-01 -4.078855E-02 1.067092E-03 
206 7.937005E-01 -7.143305E+00 -3.968503E+00 -1.126318E-01 9.023846E-02 -1.504080E-02 
207 2.381102E+00 -7.143305E+00 -3.968503E+00 -1.119324E-01 8.516204E-02 3.351931E-02 
208 3.968503E+00 -7.143305E+00 -3.968503E+00 4.816260E-02 -7.106417E-02 1.082348E-01 
209 5.555904E+00 -7.143305E+00 -3.968503E+00 -1.220404E-01 7.756429E-03 7.431068E-02 
210 7.143305E+00 -7.143305E+00 -3.968503E+00 1.622742E-03 -1.369659E-01 -2.406549E-02 
211 -7.143305E+00 -5.555904E+00 -3.968503E+00 -6.797083E-02 5.455242E-02 -1.152943E-01 
212 -5.555904E+00 -5.555904E+00 -3.968503E+00 -9.350019E-03 1.400480E-01 3.047508E-02 
213 -3.968503E+00 -5.555904E+00 -3.968503E+00 -3.318364E-02 -6.359934E-02 -1.224361E-01 
214 -2.381102E+00 -5.555904E+00 -3.968503E+00 -6.257027E-02 8.993430E-02 9.226140E-02 
215 -7.937005E-01 -5.555904E+00 -3.968503E+00 1.260068E-01 -4.528683E-02 -3.493873E-02 
216 7.937005E-01 -5.555904E+00 -3.968503E+00 1.820319E-02 1.134443E-01 8.375990E-02 
217 2.381102E+00 -5.555904E+00 -3.968503E+00 8.093723E-02 2.020291E-02 1.113140E-01 
218 3.968503E+00 -5.555904E+00 -3.968503E+00 -2.636032E-02 9.120371E-02 1.062001E-01 
219 5.555904E+00 -5.555904E+00 -3.968503E+00 -5.638202E-02 -9.447417E-02 8.650563E-02 
220 7.143305E+00 -5.555904E+00 -3.968503E+00 -5.795450E-02 5.832472E-02 1.162508E-01 
221 -7.143305E+00 -3.968503E+00 -3.968503E+00 -1.405313E-01 -2.850029E-02 3.559604E-03 
222 -5.555904E+00 -3.968503E+00 -3.968503E+00 6.258471E-02 -6.269524E-02 -1.083589E-01 
223 -3.968503E+00 -3.968503E+00 -3.968503E+00 -9.322632E-04 8.902132E-02 1.104858E-01 
224 -2.381102E+00 -3.968503E+00 -3.968503E+00 1.873842E-02 1.292767E-01 -5.989325E-02 
225 -7.937005E-01 -3.968503E+00 -3.968503E+00 4.563692E-02 1.857399E-02 1.305999E-01 
226 7.937005E-01 -3.968503E+00 -3.968503E+00 -5.903237E-02 -1.240437E-01 2.707274E-02 
227 2.381102E+00 -3.968503E+00 -3.968503E+00 -1.264664E-01 -6.111883E-02 -2.611947E-02 
228 3.968503E+00 -3.968503E+00 -3.968503E+00 -1.128585E-01 4.372183E-02 -7.962299E-02 
229 5.555904E+00 -3.968503E+00 -3.968503E+00 -3.029506E-02 8.456542E-03 -1.397502E-01 
230 7.143305E+00 -3.968503E+00 -3.968503E+00 -6.439094E-02 9.177130E-02 -9.179332E-02 
231 -7.143305E+00 -2.381102E+00 -3.968503E+00 -8.982407E-02 -5.384730E-02 -9.725991E-02 
232 -5.555904E+00 -2.381102E+00 -3.968503E+00 -9.638532E-02 1.429176E-02 -1.064290E-01 
233 -3.968503E+00 -2.381102E+00 -3.968503E+00 1.113885E-01 -6.747653E-02 -4.677528E-02 
234 -2.381102E+00 -2.381102E+00 -3.968503E+00 -8.947492E-03 -6.924146E-02 -1.229015E-01 
235 -7.937005E-01 -2.381102E+00 -3.968503E+00 4.873233E-02 -7.235152E-02 -1.095894E-01 
236 7.937005E-01 -2.381102E+00 -3.968503E+00 -6.517402E-02 3.626725E-02 -1.234544E-01 
237 2.381102E+00 -2.381102E+00 -3.968503E+00 1.135778E-01 8.214716E-02 -1.176695E-02 
238 3.968503E+00 -2.381102E+00 -3.968503E+00 3.641894E-02 -5.004663E-02 -1.265191E-01 
239 5.555904E+00 -2.381102E+00 -3.968503E+00 -9.156922E-02 -9.009506E-02 5.803500E-02 
240 7.143305E+00 -2.381102E+00 -3.968503E+00 -1.058246E-01 -8.530275E-02 3.926991E-02 
241 -7.143305E+00 -7.937005E-01 -3.968503E+00 -7.893716E-02 -7.774092E-02 -8.919647E-02 
242 -5.555904E+00 -7.937005E-01 -3.968503E+00 -1.066974E-02 1.230028E-01 7.214606E-02 
243 -3.968503E+00 -7.937005E-01 -3.968503E+00 -8.386292E-03 1.362195E-01 4.410662E-02 
244 -2.381102E+00 -7.937005E-01 -3.968503E+00 2.895667E-02 -6.080526E-02 1.211228E-01 
245 -7.937005E-01 -7.937005E-01 -3.968503E+00 7.900845E-02 -6.676623E-02 -9.350577E-02 
246 7.937005E-01 -7.937005E-01 -3.968503E+00 8.753254E-02 -2.028221E-02 1.051512E-01 
247 2.381102E+00 -7.937005E-01 -3.968503E+00 -7.977316E-02 1.127392E-01 -4.459476E-02 
248 3.968503E+00 -7.937005E-01 -3.968503E+00 3.795555E-02 8.620518E-02 -1.076203E-01 
249 5.555904E+00 -7.937005E-01 -3.968503E+00 -7.776649E-02 -2.571345E-02 1.151581E-01 
250 7.143305E+00 -7.937005E-01 -3.968503E+00 7.651623E-03 -1.209281E-01 -6.942000E-02 
251 -7.143305E+00 7.937005E-01 -3.968503E+00 8.538511E-02 -9.512803E-02 5.068474E-02 
252 -5.555904E+00 7.937005E-01 -3.968503E+00 1.393053E-02 -1.100469E-01 8.268356E-02 
253 -3.968503E+00 7.937005E-01 -3.968503E+00 -1.210179E-01 -1.542203E-02 -7.648524E-02 
254 -2.381102E+00 7.937005E-01 -3.968503E+00 -7.317424E-02 -8.882505E-02 8.047778E-02 
255 -7.937005E-01 7.937005E-01 -3.968503E+00 -7.453810E-02 -6.188074E-02 -1.045872E-01 
256 7.937005E-01 7.937005E-01 -3.968503E+00 8.211221E-02 -9.924823E-02 4.816559E-02 
257 2.381102E+00 7.937005E-01 -3.968503E+00 -1.083724E-01 7.955658E-02 -5.481839E-02 
258 3.968503E+00 7.937005E-01 -3.968503E+00 1.379763E-01 -1.046407E-03 -1.460906E-02 
259 5.555904E+00 7.937005E-01 -3.968503E+00 -4.435262E-02 2.796726E-02 -1.338935E-01 
260 7.143305E+00 7.937005E-01 -3.968503E+00 -1.141907E-01 -2.505522E-02 8.116422E-02 
261 -7.143305E+00 2.381102E+00 -3.968503E+00 -9.880375E-02 -9.534310E-02 -3.556214E-02 
262 -5.555904E+00 2.381102E+00 -3.968503E+00 -1.359601E-01 4.893900E-02 -9.075823E-03 
263 -3.968503E+00 2.381102E+00 -3.968503E+00 -1.178496E-01 -7.851943E-02 1.146663E-02 
264 -2.381102E+00 2.381102E+00 -3.968503E+00 5.786708E-02 -6.498111E-02 1.072081E-01 
265 -7.937005E-01 2.381102E+00 -3.968503E+00 -4.980941E-02 -6.632905E-02 -1.153896E-01 
266 7.937005E-01 2.381102E+00 -3.968503E+00 2.977449E-02 -2.742058E-02 1.330356E-01 
267 2.381102E+00 2.381102E+00 -3.968503E+00 -3.379924E-03 -1.307959E-01 -4.837978E-02 
268 3.968503E+00 2.381102E+00 -3.968503E+00 1.181798E-01 7.393962E-02 -1.737047E-02 
269 5.555904E+00 2.381102E+00 -3.968503E+00 1.139623E-01 -7.590415E-02 -1.637642E-02 
270 7.143305E+00 2.381102E+00 -3.968503E+00 -9.113263E-02 2.227516E-02 1.072255E-01 
271 -7.143305E+00 3.968503E+00 -3.968503E+00 -1.549252E-02 1.227258E-01 -7.441672E-02 
272 -5.555904E+00 3.968503E+00 -3.968503E+00 -1.242917E-01 1.745098E-02 6.925105E-02 
273 -3.968503E+00 3.968503E+00 -3.968503E+00 1.781020E-02 -4.371794E-02 1.307606E-01 
274 -2.381102E+00 3.968503E+00 -3.968503E+00 5.602926E-02 -1.237776E-01 -2.562417E-02 
275 -7.937005E-01 3.968503E+00 -3.968503E+00 -3.761982E-02 -1.338169E-01 1.245879E-02 
276 7.937005E-01 3.968503E+00 -3.968503E+00 8.897521E-02 1.067546E-01 -2.769918E-02 
277 2.381102E+00 3.968503E+00 -3.968503E+00 -4.220446E-02 1.380890E-01 -6.263429E-03 
278 3.968503E+00 3.968503E+00 -3.968503E+00 -1.321130E-01 -5.374579E-02 -9.742957E-03 
279 5.555904E+00 3.968503E+00 -3.968503E+00 1.373698E-02 2.286057E-02 1.376530E-01 
280 7.143305E+00 3.968503E+00 -3.968503E+00 9.459128E-02 8.844846E-02 -5.712027E-02 
281 -7.143305E+00 5.555904E+00 -3.968503E+00 -4.076661E-02 9.152815E-02 -1.041979E-01 
282 -5.555904E+00 5.555904E+00 -3.968503E+00 4.799215E-02 -1.320645E-02 1.297657E-01 
283 -3.968503E+00 5.555904E+00 -3.968503E+00 -1.247834E-01 2.726719E-02 6.553313E-02 
284 -2.381102E+00 5.555904E+00 -3.968503E+00 -1.366965E-01 -3.064735E-02 2.921316E-02 
285 -7.937005E-01 5.555904E+00 -3.968503E+00 -3.870149E-02 7.639587E-02 -1.162183E-01 
286 7.937005E-01 5.555904E+00 -3.968503E+00 9.932521E-02 8.616555E-02 4.940040E-02 
287 2.381102E+00 5.555904E+00 -3.968503E+00 -8.571497E-02 -2.121511E-02 -1.131754E-01 
288 3.968503E+00 5.555904E+00 -3.968503E+00 -6.022364E-02 1.219386E-01 4.770626E-02 
289 5.555904E+00 5.555904E+00 -3.968503E+00 -1.071966E-02 -6.032028E-02 -1.276367E-01 
290 7.143305E+00 5.555904E+00 -3.968503E+00 -9.444641E-02 1.077685E-01 2.050363E-02 
291 -7.143305E+00 7.143305E+00 -3.968503E+00 3.833855E-02 1.284782E-01 -5.040735E-02 
292 -5.555904E+00 7.143305E+00 -3.968503E+00 5.816500E-02 -3.315887E-03 1.261959E-01 
293 -3.968503E+00 7.143305E+00 -3.968503E+00 -9.713862E-02 -6.046748E-02 -8.551402E-02 
294 -2.381102E+00 7.143305E+00 -3.968503E+00 1.110047E-01 -8.017798E-02 -1.614958E-02 
295 -7.937005E-01 7.143305E+00 -3.968503E+00 1.027373E-01 -8.032811E-02 -4.606991E-02 
296 7.937005E-01 7.143305E+00 -3.968503E+00 -9.683051E-02 -8.916824E-02 5.092833E-02 
297 2.381102E+00 7.143305E+00 -3.968503E+00 -1.146621E-02 3.662957E-02 -1.381283E-01 
298 3.968503E+00 7.143305E+00 -3.968503E+00 6.076883E-02 3.908684E-02 1.196256E-01 
299 5.555904E+00 7.143305E+00 -3.968503E+00 7.792625E-02 -1.054287E-01 -4.413153E-02 
300 7.143305E+00 7.143305E+00 -3.968503E+00 1.786057E-02 -1.200671E-01 6.615548E-02 
301 -7.143305E+00 -7.143305E+00 -2.381102E+00 -8.764264E-02 9.474744E-03 1.115124E-01 
302 -5.555904E+00 -7.143305E+00 -2.381102E+00 1.226684E-01 6.693569E-02 -1.158136E-02 
303 -3.968503E+00 -7.143305E+00 -2.381102E+00 -2.776051E-02 -1.201364E-01 -6.698332E-02 
304 -2.381102E+00 -7.143305E+00 -2.381102E+00 -6.312821E-02 1.124160E-01 -6.635530E-02 
305 -7.937005E-01 -7.143305E+00 -2.381102E+00 -7.603379E-02 -1.112574E-01 3.960650E-02 
306 7.937005E-01 -7.143305E+00 -2.381102E+00 4.596081E-02 -9.879187E-02 -8.703719E-02 
307 2.381102E+00 -7.143305E+00 -2.381102E+00 -8.060019E-02 1.197537E-01 -1.367527E-02 
308 3.968503E+00 -7.143305E+00 -2.381102E+00 -1.310282E-01 3.521290E-03 -6.049616E-02 
309 5.555904E+00 -7.143305E+00 -2.381102E+00 -6.863117E-02 -1.149197E-01 -4.430508E-02 
310 7.143305E+00 -7.143305E+00 -2.381102E+00 1.043477E-02 7.136381E-02 1.214714E-01 
311 -7.143305E+00 -5.555904E+00 -2.381102E+00 -4.304398E-02 -1.126695E-01 7.013973E-02 
312 -5.555904E+00 -5.555904E+00 -2.381102E+00 -3.282118E-02 -4.558634E-02 -1.307242E-01 
313 -3.968503E+00 -5.555904E+00 -2.381102E+00 -3.851557E-02 1.246389E-01 6.015446E-02 
314 -2.381102E+00 -5.555904E+00 -2.381102E+00 4.485263E-02 -1.420607E-03 -1.343053E-01 
315 -7.937005E-01 -5.555904E+00 -2.381102E+00 1.361387E-01 -1.672514E-02 -1.958505E-02 
316 7.937005E-01 -5.555904E+00 -2.381102E+00 9.958440E-02 -8.610869E-02 3.965529E-02 
317 2.381102E+00 -5.555904E+00 -2.381102E+00 9.522814E-02 1.033784E-01 1.313288E-02 
318 3.968503E+00 -5.555904E+00 -2.381102E+00 1.191825E-01 6.939077E-02 2.416779E-02 
319 5.555904E+00 -5.555904E+00 -2.381102E+00 -3.912204E-02 -1.341118E-01 -7.531341E-04 
320 7.143305E+00 -5.555904E+00 -2.381102E+00 7.719543E-02 -8.486594E-02 -7.851852E-02 
321 -7.143305E+00 -3.968503E+00 -2.381102E+00 -5.760059E-03 1.150256E-01 8.419394E-02 
322 -5.555904E+00 -3.968503E+00 -2.381102E+00 6.672038E-02 -2.985111E-03 1.217605E-01 
323 -3.968503E+00 -3.968503E+00 -2.381102E+00 -5.834882E-02 1.293653E-01 2.666284E-02 
324 -2.381102E+00 -3.968503E+00 -2.381102E+00 -9.106671E-02 7.171297E-02 8.463158E-02 
325 -7.937005E-01 -3.968503E+00 -2.381102E+00 2.851873E-02 1.044891E-01 9.146765E-02 
326 7.937005E-01 -3.968503E+00 -2.381102E+00 -6.499073E-02 -1.156478E-01 4.510942E-02 
327 2.381102E+00 -3.968503E+00 -2.381102E+00 -4.735538E-02 -1.306238E-01 -1.778010E-02 
328 3.968503E+00 -3.968503E+00 -2.381102E+00 1.109301E-01 3.563678E-02 -7.850409E-02 
329 5.555904E+00 -3.968503E+00 -2.381102E+00 4.493978E-02 7.157589E-03 1.317492E-01 
330 7.143305E+00 -3.968503E+00 -2.381102E+00 -9.339378E-02 7.803039E-02 7.649370E-02 
331 -7.143305E+00 -2.381102E+00 -2.381102E+00 3.618323E-02 1.050623E-01 8.786797E-02 
332 -5.555904E+00 -2.381102E+00 -2.381102E+00 1.360553E-01 2.699306E-02 -1.247137E-02 
333 -3.968503E+00 -2.381102E+00 -2.381102E+00 3.122585E-02 1.012959E-01 9.394243E-02 
334 -2.381102E+00 -2.381102E+00 -2.381102E+00 6.147502E-02 -1.036207E-01 -6.913044E-02 
335 -7.937005E-01 -2.381102E+00 -2.381102E+00 3.588126E-02 7.875754E-03 1.346269E-01 
336 7.937005E-01 -2.381102E+00 -2.381102E+00 -1.018819E-01 3.905252E-02 9.257919E-02 
337 2.381102E+00 -2.381102E+00 -2.381102E+00 1.074428E-02 -1.018373E-02 -1.413898E-01 
338 3.968503E+00 -2.381102E+00 -2.381102E+00 8.100651E-02 2.681432E-02 1.100190E-01 
339 5.555904E+00 -2.381102E+00 -2.381102E+00 -2.714774E-02 3.715613E-04 1.379548E-01 
340 7.143305E+00 -2.381102E+00 -2.381102E+00 1.211152E-01 -2.470123E-02 6.129962E-02 
341 -7.143305E+00 -7.937005E-01 -2.381102E+00 1.277296E-01 -4.379323E-02 2.754213E-02 
342 -5.555904E+00 -7.937005E-01 -2.381102E+00 -2.328223E-02 -1.369457E-01 -1.225579E-02 
343 -3.968503E+00 -7.937005E-01 -2.381102E+00 -7.845785E-02 2.385493E-03 1.180838E-01 
344 -2.381102E+00 -7.937005E-01 -2.381102E+00 2.956130E-02 4.202834E-02 -1.330600E-01 
345 -7.937005E-01 -7.937005E-01 -2.381102E+00 -1.095876E-01 -5.802023E-03 -9.337020E-02 
346 7.937005E-01 -7.937005E-01 -2.381102E+00 -7.323613E-02 -6.459647E-03 -1.234161E-01 
347 2.381102E+00 -7.937005E-01 -2.381102E+00 6.871455E-02 -9.297807E-02 -7.721681E-02 
348 3.968503E+00 -7.937005E-01 -2.381102E+00 9.336245E-02 7.257857E-02 7.514704E-02 
349 5.555904E+00 -7.937005E-01 -2.381102E+00 -1.210196E-01 5.807032E-02 5.248981E-02 
350 7.143305E+00 -7.937005E-01 -2.381102E+00 -7.564563E-02 -1.168880E-01 -2.158785E-02 
351 -7.143305E+00 7.937005E-01 -2.381102E+00 5.303767E-02 1.669006E-02 1.278676E-01 
352 -5.555904E+00 7.937005E-01 -2.381102E+00 -1.226940E-01 -6.668465E-02 -2.952195E-02 
353 -3.968503E+00 7.937005E-01 -2.381102E+00 -1.047367E-01 7.465607E-02 6.475358E-02 
354 -2.381102E+00 7.937005E-01 -2.381102E+00 8.663693E-02 1.117347E-01 -8.948948E-03 
355 -7.937005E-01 7.937005E-01 -2.381102E+00 4.006447E-02 -1.295834E-01 -2.798515E-02 
356 7.937005E-01 7.937005E-01 -2.381102E+00 9.637614E-03 3.428888E-02 1.359185E-01 
357 2.381102E+00 7.937005E-01 -2.381102E+00 1.416258E-02 -4.627979E-02 1.303551E-01 
358 3.968503E+00 7.937005E-01 -2.381102E+00 1.340561E-02 -1.379644E-01 -1.936898E-03 
359 5.555904E+00 7.937005E-01 -2.381102E+00 -2.767146E-02 -8.186319E-02 -1.119074E-01 
360 7.143305E+00 7.937005E-01 -2.381102E+00 1.009606E-01 -9.001842E-02 2.486367E-02 
361 -7.143305E+00 2.381102E+00 -2.381102E+00 7.534492E-02 -9.223510E-02 6.890311E-02 
362 -5.555904E+00 2.381102E+00 -2.381102E+00 -1.860050E-02 -8.760105E-02 -1.090239E-01 
363 -3.968503E+00 2.381102E+00 -2.381102E+00 1.012117E-01 -4.354975E-02 -8.530619E-02 
364 -2.381102E+00 2.381102E+00 -2.381102E+00 9.511394E-02 3.133580E-02 9.662451E-02 
365 -7.937005E-01 2.381102E+00 -2.381102E+00 4.671473E-02 1.284761E-01 3.948653E-02 
366 7.937005E-01 2.381102E+00 -2.381102E+00 6.386120E-02 3.475503E-02 -1.216953E-01 
367 2.381102E+00 2.381102E+00 -2.381102E+00 9.153046E-02 8.403274E-02 -6.793989E-02 
368 3.968503E+00 2.381102E+00 -2.381102E+00 -1.409318E-01 -1.384175E-03 -3.051592E-02 
369 5.555904E+00 2.381102E+00 -2.381102E+00 -3.338532E-02 -1.203043E-01 6.172809E-02 
370 7.143305E+00 2.381102E+00 -2.381102E+00 6.614295E-02 1.757613E-02 1.212765E-01 
371 -7.143305E+00 3.968503E+00 -2.381102E+00 -2.125622E-02 1.397686E-01 -2.923345E-02 
372 -5.555904E+00 3.968503E+00 -2.381102E+00 -7.137518E-02 8.830968E-02 8.759863E-02 
373 -3.968503E+00 3.968503E+00 -2.381102E+00 1.367702E-01 -1.922991E-02 -8.869357E-03 
374 -2.381102E+00 3.968503E+00 -2.381102E+00 4.918661E-02 1.195386E-01 -6.109599E-02 
375 -7.937005E-01 3.968503E+00 -2.381102E+00 1.166772E-01 -3.016164E-03 7.424614E-02 
376 7.937005E-01 3.968503E+00 -2.381102E+00 -6.722904E-02 -1.134260E-01 -5.008751E-02 
377 2.381102E+00 3.968503E+00 -2.381102E+00 -1.060794E-01 -9.390270E-02 1.126295E-03 
378 3.968503E+00 3.968503E+00 -2.381102E+00 7.696040E-02 1.047137E-01 5.513869E-02 
379 5.555904E+00 3.968503E+00 -2.381102E+00 -1.272707E-01 5.235566E-02 -4.566135E-02 
380 7.143305E+00 3.968503E+00 -2.381102E+00 1.096166E-01 -5.301244E-02 -6.673082E-02 
381 -7.143305E+00 5.555904E+00 -2.381102E+00 5.735574E-02 -2.579160E-02 -1.260500E-01 
382 -5.555904E+00 5.555904E+00 -2.381102E+00 -8.539239E-02 -8.022482E-02 7.814908E-02 
383 -3.968503E+00 5.555904E+00 -2.381102E+00 9.167148E-02 9.853262E-02 4.170769E-02 
384 -2.381102E+00 5.555904E+00 -2.381102E+00 -6.066125E-02 2.216425E-02 -1.286548E-01 
385 -7.937005E-01 5.555904E+00 -2.381102E+00 7.549565E-02 1.108296E-01 -4.732268E-02 
386 7.937005E-01 5.555904E+00 -2.381102E+00 1.107725E-01 8.141531E-02 2.826727E-02 
387 2.381102E+00 5.555904E+00 -2.381102E+00 -3.667213E-02 1.103656E-01 -8.600222E-02 
388 3.968503E+00 5.555904E+00 -2.381102E+00 -1.395253E-01 -3.297016E-02 -2.869979E-03 
389 5.555904E+00 5.555904E+00 -2.381102E+00 -1.205839E-01 -7.422745E-02 1.293645E-02 
390 7.143305E+00 5.555904E+00 -2.381102E+00 -1.289906E-01 6.194219E-02 -2.344180E-02 
391 -7.143305E+00 7.143305E+00 -2.381102E+00 5.406847E-02 -1.123925E-01 -6.096148E-02 
392 -5.555904E+00 7.143305E+00 -2.381102E+00 1.460618E-02 1.080145E-01 -9.365997E-02 
393 -3.968503E+00 7.143305E+00 -2.381102E+00 -1.135276E-01 6.108770E-02 6.401965E-02 
394 -2.381102E+00 7.143305E+00 -2.381102E+00 1.038355E-01 7.890584E-03 9.149337E-02 
395 -7.937005E-01 7.143305E+00 -2.381102E+00 -6.398650E-02 3.034263E-02 1.230345E-01 
396 7.937005E-01 7.143305E+00 -2.381102E+00 -6.721162E-02 -8.172512E-02 -9.468449E-02 
397 2.381102E+00 7.143305E+00 -2.381102E+00 -9.417016E-02 -9.771950E-02 -4.094851E-02 
398 3.968503E+00 7.143305E+00 -2.381102E+00 2.004643E-02 1.399603E-01 2.236272E-02 
399 5.555904E+00 7.143305E+00 -2.381102E+00 1.026649E-02 1.302769E-01 -6.020565E-02 
400 7.143305E+00 7.143305E+00 -2.381102E+00 -6.287081E-02 -1.066929E-02 -1.284764E-01 
401 -7.143305E+00 -7.143305E+00 -7.937005E-01 -5.792658E-02 8.061445E-02 1.027810E-01 
402 -5.555904E+00 -7.143305E+00 -7.937005E-01 -6.280625E-02 -9.299043E-02 8.392909E-02 
403 -3.968503E+00 -7.143305E+00 -7.937005E-01 9.310454E-02 -3.462746E-02 -9.833763E-02 
404 -2.381102E+00 -7.143305E+00 -7.937005E-01 -5.882496E-02 -1.821211E-02 1.268218E-01 
405 -7.937005E-01 -7.143305E+00 -7.937005E-01 -3.632167E-03 7.514928E-02 1.199777E-01 
406 7.937005E-01 -7.143305E+00 -7.937005E-01 1.161531E-01 -5.744513E-02 4.634626E-02 
407 2.381102E+00 -7.143305E+00 -7.937005E-01 5.503604E-02 7.135626E-02 1.078409E-01 
408 3.968503E+00 -7.143305E+00 -7.937005E-01 -1.128314E-01 8.245499E-02 3.685655E-02 
409 5.555904E+00 -7.143305E+00 -7.937005E-01 7.705699E-02 -9.639547E-02 6.076622E-02 
410 7.143305E+00 -7.143305E+00 -7.937005E-01 8.838576E-02 -7.205872E-02 -7.954449E-02 
411 -7.143305E+00 -5.555904E+00 -7.937005E-01 -1.310419E-01 -5.572108E-02 9.807810E-03 
412 -5.555904E+00 -5.555904E+00 -7.937005E-01 -3.099860E-02 5.329883E-02 1.275718E-01 
413 -3.968503E+00 -5.555904E+00 -7.937005E-01 -1.338249E-01 1.504448E-02 5.000879E-02 
414 -2.381102E+00 -5.555904E+00 -7.937005E-01 1.351884E-01 2.895545E-02 1.504837E-02 
415 -7.937005E-01 -5.555904E+00 -7.937005E-01 -2.407265E-02 -5.301361E-02 1.269899E-01 
416 7.937005E-01 -5.555904E+00 -7.937005E-01 -5.164795E-02 6.983252E-02 1.129670E-01 
417 2.381102E+00 -5.555904E+00 -7.937005E-01 -2.646562E-02 1.413434E-01 -1.254813E-02 
418 3.968503E+00 -5.555904E+00 -7.937005E-01 -1.023497E-01 -2.413233E-02 -9.790403E-02 
419 5.555904E+00 -5.555904E+00 -7.937005E-01 1.762407E-02 8.406604E-02 -1.148635E-01 
420 7.143305E+00 -5.555904E+00 -7.937005E-01 -8.530079E-02 -4.751673E-02 1.019913E-01 
421 -7.143305E+00 -3.968503E+00 -7.937005E-01 8.991135E-02 1.091914E-01 -4.836109E-03 
422 -5.555904E+00 -3.968503E+00 -7.937005E-01 -3.937856E-02 -1.189652E-01 6.111583E-02 
423 -3.968503E+00 -3.968503E+00 -7.937005E-01 -1.440221E-01 4.147056E-04 -3.046940E-03 
424 -2.381102E+00 -3.968503E+00 -7.937005E-01 -9.911539E-02 -9.932838E-02 -1.919112E-02 
425 -7.937005E-01 -3.968503E+00 -7.937005E-01 -2.504201E-02 1.420032E-01 -4.351284E-03 
426 7.937005E-01 -3.968503E+00 -7.937005E-01 -2.926690E-02 -5.955500E-02 -1.254577E-01 
427 2.381102E+00 -3.968503E+00 -7.937005E-01 2.927671E-02 -1.054842E-01 8.421848E-02 
428 3.968503E+00 -3.968503E+00 -7.937005E-01 7.453587E-02 -1.050135E-01 4.838428E-02 
429 5.555904E+00 -3.968503E+00 -7.937005E-01 -2.778702E-02 1.276818E-01 -6.183903E-02 
430 7.143305E+00 -3.968503E+00 -7.937005E-01 1.355242E-01 -2.710288E-02 -1.939931E-03 
431 -7.143305E+00 -2.381102E+00 -7.937005E-01 1.350149E-01 -4.195981E-03 2.990943E-02 
432 -5.555904E+00 -2.381102E+00 -7.937005E-01 -1.039359E-01 -3.696190E-02 -9.167296E-02 
433 -3.968503E+00 -2.381102E+00 -7.937005E-01 9.188433E-02 1.053712E-01 -2.233002E-02 
434 -2.381102E+00 -2.381102E+00 -7.937005E-01 2.613284E-02 1.251845E-01 6.269218E-02 
435 -7.937005E-01 -2.381102E+00 -7.937005E-01 9.894784E-02 6.063208E-02 7.790029E-02 
436 7.937005E-01 -2.381102E+00 -7.937005E-01 1.072728E-01 9.006882E-02 1.330807E-02 
437 2.381102E+00 -2.381102E+00 -7.937005E-01 7.395620E-02 -1.052985E-01 -5.116298E-02 
438 3.968503E+00 -2.381102E+00 -7.937005E-01 -4.712877E-02 -2.148872E-02 1.307814E-01 
439 5.555904E+00 -2.381102E+00 -7.937005E-01 -4.204805E-02 -1.022075E-01 8.521089E-02 
440 7.143305E+00 -2.381102E+00 -7.937005E-01 1.205870E-01 -6.377303E-02 1.858727E-02 
441 -7.143305E+00 -7.937005E-01 -7.937005E-01 1.150144E-01 7.612538E-02 2.516815E-02 
442 -5.555904E+00 -7.937005E-01 -7.937005E-01 3.384526E-02 -4.610890E-02 1.263643E-01 
443 -3.968503E+00 -7.937005E-01 -7.937005E-01 1.100275E-01 7.677237E-02 4.059940E-02 
444 -2.381102E+00 -7.937005E-01 -7.937005E-01 -7.841425E-02 1.083710E-01 5.380308E-02 
445 -7.937005E-01 -7.937005E-01 -7.937005E-01 1.173074E-01 4.768628E-02 -6.069452E-02 
446 7.937005E-01 -7.937005E-01 -7.937005E-01 -1.284275E-01 5.464607E-02 -3.931645E-02 
447 2.381102E+00 -7.937005E-01 -7.937005E-01 -6.124147E-02 3.050258E-04 1.273895E-01 
448 3.968503E+00 -7.937005E-01 -7.937005E-01 -7.836826E-02 -8.306270E-02 8.205198E-02 
449 5.555904E+00 -7.937005E-01 -7.937005E-01 -1.042351E-01 4.312565E-02 -9.078611E-02 
450 7.143305E+00 -7.937005E-01 -7.937005E-01 7.619469E-02 -6.907307E-02 9.169356E-02 
451 -7.143305E+00 7.937005E-01 -7.937005E-01 -9.683074E-02 6.819633E-02 8.120225E-02 
452 -5.555904E+00 7.937005E-01 -7.937005E-01 -2.551782E-02 4.341623E-02 -1.345992E-01 
453 -3.968503E+00 7.937005E-01 -7.937005E-01 -1.173693E-02 -4.900482E-02 -1.325857E-01 
454 -2.381102E+00 7.937005E-01 -7.937005E-01 -1.422818E-01 -9.410014E-03 -2.009908E-02 
455 -7.937005E-01 7.937005E-01 -7.937005E-01 -8.359073E-02 -5.487847E-02 9.948859E-02 
456 7.937005E-01 7.937005E-01 -7.937005E-01 1.643237E-02 1.197356E-01 7.531087E-02 
457 2.381102E+00 7.937005E-01 -7.937005E-01 1.084771E-01 4.606981E-02 -7.687144E-02 
458 3.968503E+00 7.937005E-01 -7.937005E-01 1.127815E-01 8.396729E-02 8.627053E-05 
459 5.555904E+00 7.937005E-01 -7.937005E-01 -3.039654E-02 7.333203E-03 1.372752E-01 
460 7.143305E+00 7.937005E-01 -7.937005E-01 -5.395360E-02 7.456322E-02 -1.114972E-01 
461 -7.143305E+00 2.381102E+00 -7.937005E-01 1.152345E-02 1.081398E-01 9.154307E-02 
462 -5.555904E+00 2.381102E+00 -7.937005E-01 -1.125654E-02 1.093316E-01 9.087070E-02 
463 -3.968503E+00 2.381102E+00 -7.937005E-01 -1.326461E-01 -3.415551E-02 4.061269E-02 
464 -2.381102E+00 2.381102E+00 -7.937005E-01 -1.001865E-01 1.048133E-01 -2.038110E-03 
465 -7.937005E-01 2.381102E+00 -7.937005E-01 7.795132E-02 4.994271E-02 -1.071811E-01 
466 7.937005E-01 2.381102E+00 -7.937005E-01 -8.900475E-02 8.513620E-02 7.422544E-02 
467 2.381102E+00 2.381102E+00 -7.937005E-01 -1.018000E-01 8.296633E-02 5.939840E-02 
468 3.968503E+00 2.381102E+00 -7.937005E-01 9.623372E-02 1.601625E-02 -1.012939E-01 
469 5.555904E+00 2.381102E+00 -7.937005E-01 -5.370443E-02 -8.992204E-02 -9.528713E-02 
470 7.143305E+00 2.381102E+00 -7.937005E-01 -1.080991E-01 9.575691E-02 1.167474E-02 
471 -7.143305E+00 3.968503E+00 -7.937005E-01 -1.035965E-04 4.093207E-02 -1.372402E-01 
472 -5.555904E+00 3.968503E+00 -7.937005E-01 -7.456244E-02 -7.018114E-02 -9.891269E-02 
473 -3.968503E+00 3.968503E+00 -7.937005E-01 -2.176271E-02 1.109624E-01 -8.981963E-02 
474 -2.381102E+00 3.968503E+00 -7.937005E-01 1.019689E-01 9.438530E-02 -2.523692E-02 
475 -7.937005E-01 3.968503E+00 -7.937005E-01 1.992717E-02 1.133215E-01 8.347823E-02 
476 7.937005E-01 3.968503E+00 -7.937005E-01 4.713136E-02 1.266805E-01 4.421899E-02 
477 2.381102E+00 3.968503E+00 -7.937005E-01 -3.364299E-02 7.768588E-03 -1.390691E-01 
478 3.968503E+00 3.968503E+00 -7.937005E-01 -9.811335E-02 -6.552274E-02 7.783054E-02 
479 5.555904E+00 3.968503E+00 -7.937005E-01 -9.475731E-02 -2.374892E-02 -1.052586E-01 
480 7.143305E+00 3.968503E+00 -7.937005E-01 -3.788449E-02 1.312476E-01 4.519123E-02 
481 -7.143305E+00 5.555904E+00 -7.937005E-01 -4.992320E-03 -1.020663E-01 9.387213E-02 
482 -5.555904E+00 5.555904E+00 -7.937005E-01 6.300630E-02 1.063555E-01 -7.103176E-02 
483 -3.968503E+00 5.555904E+00 -7.937005E-01 -6.248460E-03 -7.240914E-02 -1.210883E-01 
484 -2.381102E+00 5.555904E+00 -7.937005E-01 9.094677E-02 -1.033902E-01 -3.600970E-03 
485 -7.937005E-01 5.555904E+00 -7.937005E-01 6.611721E-02 -2.105649E-02 1.199582E-01 
486 7.937005E-01 5.555904E+00 -7.937005E-01 1.481206E-03 4.471002E-02 1.335758E-01 
487 2.381102E+00 5.555904E+00 -7.937005E-01 1.124494E-01 8.319368E-02 1.302940E-02 
488 3.968503E+00 5.555904E+00 -7.937005E-01 -1.111781E-01 6.823464E-02 -6.358931E-02 
489 5.555904E+00 5.555904E+00 -7.937005E-01 -7.013315E-02 7.843309E-02 -9.954082E-02 
490 7.143305E+00 5.555904E+00 -7.937005E-01 -1.041507E-01 -4.246860E-02 8.631967E-02 
491 -7.143305E+00 7.143305E+00 -7.937005E-01 -1.019644E-01 -7.297929E-02 -6.784080E-02 
492 -5.555904E+00 7.143305E+00 -7.937005E-01 5.725430E-02 -1.318974E-02 -1.282955E-01 
493 -3.968503E+00 7.143305E+00 -7.937005E-01 -3.639116E-02 -5.587548E-02 1.230134E-01 
494 -2.381102E+00 7.143305E+00 -7.937005E-01 -3.180084E-02 -1.353998E-01 -1.249766E-02 
495 -7.937005E-01 7.143305E+00 -7.937005E-01 1.292981E-01 -3.590691E-02 -3.418481E-02 
496 7.937005E-01 7.143305E+00 -7.937005E-01 1.316142E-01 -3.552793E-02 -2.354052E-02 
497 2.381102E+00 7.143305E+00 -7.937005E-01 1.042717E-01 9.447074E-02 -9.753938E-03 
498 3.968503E+00 7.143305E+00 -7.937005E-01 -4.748726E-02 -5.398940E-03 -1.350854E-01 
499 5.555904E+00 7.143305E+00 -7.937005E-01 4.928668E-02 -4.115974E-02 -1.252436E-01 
500 7.143305E+00 7.143305E+00 -7.937005E-01 -8.685299E-02 4.268186E-02 -1.074588E-01 
501 -7.143305E+00 -7.143305E+00 7.937005E-01 7.736598E-02 -1.068214E-01 -4.157870E-02 
502 -5.555904E+00 -7.143305E+00 7.937005E-01 -1.068903E-01 5.639704E-03 9.421700E-02 
503 -3.968503E+00 -7.143305E+00 7.937005E-01 1.141627E-01 7.765800E-03 7.809494E-02 
504 -2.381102E+00 -7.143305E+00 7.937005E-01 4.726753E-02 -1.266729E-01 -2.965831E-02 
505 -7.937005E-01 -7.143305E+00 7.937005E-01 -8.775203E-02 3.463133E-02 1.069682E-01 
506 7.937005E-01 -7.143305E+00 7.937005E-01 1.075078E-01 4.035372E-02 7.874506E-02 
507 2.381102E+00 -7.143305E+00 7.937005E-01 -1.273196E-01 6.558433E-02 2.032030E-02 
508 3.968503E+00 -7.143305E+00 7.937005E-01 4.199824E-02 -9.307461E-02 9.284946E-02 
509 5.555904E+00 -7.143305E+00 7.937005E-01 5.727204E-02 7.162773E-02 -1.089529E-01 
510 7.143305E+00 -7.143305E+00 7.937005E-01 -2.160714E-02 1.044591E-01 -9.726759E-02 
511 -7.143305E+00 -5.555904E+00 7.937005E-01 1.177061E-01 -2.686673E-02 6.674028E-02 
512 -5.555904E+00 -5.555904E+00 7.937005E-01 -9.516504E-02 1.614245E-02 1.047822E-01 
513 -3.968503E+00 -5.555904E+00 7.937005E-01 -1.183574E-01 -7.012756E-02 -3.776354E-02 
514 -2.381102E+00 -5.555904E+00 7.937005E-01 -8.001362E-02 -1.151682E-01 1.159056E-02 
515 -7.937005E-01 -5.555904E+00 7.937005E-01 8.497096E-02 -4.121497E-02 -1.031627E-01 
516 7.937005E-01 -5.555904E+00 7.937005E-01 -5.792028E-02 -9.518896E-02 8.474087E-02 
517 2.381102E+00 -5.555904E+00 7.937005E-01 -1.153693E-01 -6.044318E-02 -5.893636E-02 
518 3.968503E+00 -5.555904E+00 7.937005E-01 1.045092E-03 4.678548E-02 -1.354195E-01 
519 5.555904E+00 -5.555904E+00 7.937005E-01 3.329540E-02 -1.873265E-02 1.337883E-01 
520 7.143305E+00 -5.555904E+00 7.937005E-01 8.167796E-02 6.113896E-02 -9.829585E-02 
521 -7.143305E+00 -3.968503E+00 7.937005E-01 2.371398E-02 1.357360E-01 3.775141E-02 
522 -5.555904E+00 -3.968503E+00 7.937005E-01 -2.835863E-02 1.372227E-01 -3.533274E-02 
523 -3.968503E+00 -3.968503E+00 7.937005E-01 1.330481E-01 -2.948557E-02 -2.432062E-02 
524 -2.381102E+00 -3.968503E+00 7.937005E-01 8.317837E-02 -7.439958E-02 -8.308608E-02 
525 -7.937005E-01 -3.968503E+00 7.937005E-01 -4.065539E-02 -3.694831E-03 -1.372688E-01 
526 7.937005E-01 -3.968503E+00 7.937005E-01 -1.111742E-01 8.107483E-02 4.384204E-02 
527 2.381102E+00 -3.968503E+00 7.937005E-01 1.220914E-01 6.666632E-02 -1.815342E-02 
528 3.968503E+00 -3.968503E+00 7.937005E-01 2.671833E-02 1.380391E-01 2.584596E-02 
529 5.555904E+00 -3.968503E+00 7.937005E-01 1.078884E-01 7.363720E-02 -5.306752E-02 
530 7.143305E+00 -3.968503E+00 7.937005E-01 -3.035424E-02 -1.626289E-03 1.373088E-01 
531 -7.143305E+00 -2.381102E+00 7.937005E-01 4.038068E-02 4.386478E-02 1.268531E-01 
532 -5.555904E+00 -2.381102E+00 7.937005E-01 -2.169510E-02 -5.058299E-02 -1.308839E-01 
533 -3.968503E+00 -2.381102E+00 7.937005E-01 1.252094E-01 -5.201230E-02 2.428591E-02 
534 -2.381102E+00 -2.381102E+00 7.937005E-01 -1.201358E-01 -7.264296E-02 2.214339E-02 
535 -7.937005E-01 -2.381102E+00 7.937005E-01 1.262645E-01 4.670311E-02 -3.855439E-02 
536 7.937005E-01 -2.381102E+00 7.937005E-01 7.023658E-02 -1.053032E-01 -5.644692E-02 
537 2.381102E+00 -2.381102E+00 7.937005E-01 -4.087993E-02 -1.107067E-01 7.434473E-02 
538 3.968503E+00 -2.381102E+00 7.937005E-01 9.216288E-02 1.549247E-02 -1.052288E-01 
539 5.555904E+00 -2.381102E+00 7.937005E-01 -1.420132E-01 1.016794E-02 2.137480E-02 
540 7.143305E+00 -2.381102E+00 7.937005E-01 -4.306518E-02 1.295115E-01 -4.825444E-02 
541 -7.143305E+00 -7.937005E-01 7.937005E-01 -1.376953E-01 1.552307E-03 -4.314001E-02 
542 -5.555904E+00 -7.937005E-01 7.937005E-01 3.254130E-02 -1.052767E-01 -8.568934E-02 
543 -3.968503E+00 -7.937005E-01 7.937005E-01 -2.267993E-02 -1.083469E-01 -8.669877E-02 
544 -2.381102E+00 -7.937005E-01 7.937005E-01 -6.110988E-02 -1.120283E-01 -6.006670E-02 
545 -7.937005E-01 -7.937005E-01 7.937005E-01 8.303539E-02 -5.727666E-02 -9.643790E-02 
546 7.937005E-01 -7.937005E-01 7.937005E-01 -3.953979E-02 8.001615E-02 1.110376E-01 
547 2.381102E+00 -7.937005E-01 7.937005E-01 -1.365346E-01 1.962664E-02 -4.335814E-02 
548 3.968503E+00 -7.937005E-01 7.937005E-01 1.130877E-02 -3.192777E-03 1.392917E-01 
549 5.555904E+00 -7.937005E-01 7.937005E-01 -1.209527E-01 -1.098263E-02 -7.750517E-02 
550 7.143305E+00 -7.937005E-01 7.937005E-01 -1.733235E-02 1.401867E-01 -2.950459E-02 
551 -7.143305E+00 7.937005E-01 7.937005E-01 1.272292E-01 -5.320367E-02 -1.519049E-03 
552 -5.555904E+00 7.937005E-01 7.937005E-01 -2.727455E-02 -2.762009E-02 1.346583E-01 
553 -3.968503E+00 7.937005E-01 7.937005E-01 -1.371911E-01 -1.989481E-02 3.605490E-02 
554 -2.381102E+00 7.937005E-01 7.937005E-01 -1.409501E-01 1.789861E-02 -2.631074E-02 
555 -7.937005E-01 7.937005E-01 7.937005E-01 7.818978E-02 1.183550E-01 1.306104E-03 
556 7.937005E-01 7.937005E-01 7.937005E-01 1.156350E-02 -8.281108E-02 1.105752E-01 
557 2.381102E+00 7.937005E-01 7.937005E-01 2.801348E-02 -4.666443E-02 -1.301804E-01 
558 3.968503E+00 7.937005E-01 7.937005E-01 5.736919E-02 1.011959E-01 -8.263745E-02 
559 5.555904E+00 7.937005E-01 7.937005E-01 -9.466079E-02 -6.620894E-02 8.125391E-02 
560 7.143305E+00 7.937005E-01 7.937005E-01 9.156329E-02 -5.450326E-02 8.734833E-02 
561 -7.143305E+00 2.381102E+00 7.937005E-01 1.119177E-01 2.159885E-02 7.923137E-02 
562 -5.555904E+00 2.381102E+00 7.937005E-01 9.226602E-02 -2.385858E-02 -1.025854E-01 
563 -3.968503E+00 2.381102E+00 7.937005E-01 -3.935318E-02 4.594740E-02 1.281554E-01 
564 -2.381102E+00 2.381102E+00 7.937005E-01 4.542084E-02 -9.912213E-02 -8.695126E-02 
565 -7.937005E-01 2.381102E+00 7.937005E-01 7.231958E-02 8.401374E-02 -8.901087E-02 
566 7.937005E-01 2.381102E+00 7.937005E-01 4.911779E-02 -7.017560E-02 1.083800E-01 
567 2.381102E+00 2.381102E+00 7.937005E-01 1.001285E-02 7.768272E-02 -1.202478E-01 
568 3.968503E+00 2.381102E+00 7.937005E-01 -2.087941E-02 1.239473E-01 -7.118713E-02 
569 5.555904E+00 2.381102E+00 7.937005E-01 1.382699E-01 3.790153E-03 -1.156268E-02 
570 7.143305E+00 2.381102E+00 7.937005E-01 4.226716E-02 -1.147437E-01 6.371559E-02 
571 -7.143305E+00 3.968503E+00 7.937005E-01 -4.817760E-02 -7.832377E-02 1.054506E-01 
572 -5.555904E+00 3.968503E+00 7.937005E-01 9.201810E-02 1.011534E-01 3.437873E-02 
573 -3.968503E+00 3.968503E+00 7.937005E-01 8.096426E-03 1.198133E-01 7.680619E-02 
574 -2.381102E+00 3.968503E+00 7.937005E-01 4.436889E-02 4.021970E-02 -1.290745E-01 
575 -7.937005E-01 3.968503E+00 7.937005E-01 5.583241E-03 1.407710E-01 2.672651E-02 
576 7.937005E-01 3.968503E+00 7.937005E-01 2.000046E-02 -9.849717E-02 9.503966E-02 
577 2.381102E+00 3.968503E+00 7.937005E-01 -7.820718E-02 -8.794858E-02 -7.937655E-02 
578 3.968503E+00 3.968503E+00 7.937005E-01 -4.314694E-02 -3.036680E-02 -1.326495E-01 
579 5.555904E+00 3.968503E+00 7.937005E-01 6.914824E-02 8.646864E-04 -1.229687E-01 
580 7.143305E+00 3.968503E+00 7.937005E-01 5.852653E-02 -1.784431E-02 1.245248E-01 
581 -7.143305E+00 5.555904E+00 7.937005E-01 3.221336E-03 -1.190173E-01 -7.327169E-02 
582 -5.555904E+00 5.555904E+00 7.937005E-01 3.691379E-02 -1.155740E-01 -6.816647E-02 
583 -3.968503E+00 5.555904E+00 7.937005E-01 -3.234649E-02 -1.286142E-01 -4.506037E-02 
584 -2.381102E+00 5.555904E+00 7.937005E-01 9.272827E-02 6.115448E-03 -1.054633E-01 
585 -7.937005E-01 5.555904E+00 7.937005E-01 -9.701083E-02 -1.025477E-01 -8.834934E-03 
586 7.937005E-01 5.555904E+00 7.937005E-01 8.221607E-02 -8.246328E-02 7.329559E-02 
587 2.381102E+00 5.555904E+00 7.937005E-01 -3.766671E-02 1.286016E-01 -5.460227E-02 
588 3.968503E+00 5.555904E+00 7.937005E-01 9.773401E-02 -2.495998E-02 9.436112E-02 
589 5.555904E+00 5.555904E+00 7.937005E-01 5.302202E-02 1.304659E-01 2.090656E-02 
590 7.143305E+00 5.555904E+00 7.937005E-01 7.689483E-02 -8.641540E-02 7.454920E-02 
591 -7.143305E+00 7.143305E+00 7.937005E-01 -8.879473E-02 -1.083033E-01 1.600946E-02 
592 -5.555904E+00 7.143305E+00 7.937005E-01 -1.864341E-02 -1.315286E-01 -4.334050E-02 
593 -3.968503E+00 7.143305E+00 7.937005E-01 -9.496852E-02 1.585644E-02 -1.074886E-01 
594 -2.381102E+00 7.143305E+00 7.937005E-01 -1.074679E-02 4.339923E-02 1.338044E-01 
595 -7.937005E-01 7.143305E+00 7.937005E-01 1.224396E-01 -6.284227E-02 -8.712241E-03 
596 7.937005E-01 7.143305E+00 7.937005E-01 -8.095830E-02 -6.526365E-02 9.502220E-02 
597 2.381102E+00 7.143305E+00 7.937005E-01 1.522851E-02 1.154524E-01 -8.426947E-02 
598 3.968503E+00 7.143305E+00 7.937005E-01 -1.096760E-01 2.800622E-02 8.753831E-02 
599 5.555904E+00 7.143305E+00 7.937005E-01 -8.883069E-02 3.910219E-03 1.108177E-01 
600 7.143305E+00 7.143305E+00 7.937005E-01 1.226614E-01 -4.479084E-02 -4.632738E-02 
601 -7.143305E+00 -7.143305E+00 2.381102E+00 1.211139E-01 6.896306E-03 -6.930103E-02 
602 -5.555904E+00 -7.143305E+00 2.381102E+00 -9.142772E-02 2.573927E-02 -1.087913E-01 
603 -3.968503E+00 -7.143305E+00 2.381102E+00 8.885314E-02 -1.052289E-01 -4.641872E-04 
604 -2.381102E+00 -7.143305E+00 2.381102E+00 -1.598459E-02 1.401123E-01 -3.051495E-02 
605 -7.937005E-01 -7.143305E+00 2.381102E+00 1.335378E-01 1.265202E-02 3.502822E-02 
606 7.937005E-01 -7.143305E+00 2.381102E+00 -1.029298E-02 -8.957507E-02 1.057603E-01 
607 2.381102E+00 -7.143305E+00 2.381102E+00 5.405352E-02 -4.545014E-02 -1.215137E-01 
608 3.968503E+00 -7.143305E+00 2.381102E+00 1.056545E-01 -2.285389E-02 8.592154E-02 
609 5.555904E+00 -7.143305E+00 2.381102E+00 1.030168E-01 -3.283447E-03 -9.490512E-02 
610 7.143305E+00 -7.143305E+00 2.381102E+00 -3.881437E-02 -1.207861E-01 -6.028276E-02 
611 -7.143305E+00 -5.555904E+00 2.381102E+00 5.717049E-02 -1.118616E-01 -5.891570E-02 
612 -5.555904E+00 -5.555904E+00 2.381102E+00 -2.772425E-02 1.412236E-01 -1.122551E-02 
613 -3.968503E+00 -5.555904E+00 2.381102E+00 6.370672E-02 1.261831E-01 -1.749994E-02 
614 -2.381102E+00 -5.555904E+00 2.381102E+00 7.562999E-02 -2.682156E-02 1.127116E-01 
615 -7.937005E-01 -5.555904E+00 2.381102E+00 4.958604E-02 1.007008E-01 -8.840435E-02 
616 7.937005E-01 -5.555904E+00 2.381102E+00 5.635876E-02 -1.157791E-01 4.885897E-02 
617 2.381102E+00 -5.555904E+00 2.381102E+00 -1.050856E-01 5.321211E-02 8.194541E-02 
618 3.968503E+00 -5.555904E+00 2.381102E+00 -1.103902E-01 -8.430453E-02 2.796555E-02 
619 5.555904E+00 -5.555904E+00 2.381102E+00 1.101189E-01 -4.755008E-02 -7.017668E-02 
620 7.143305E+00 -5.555904E+00 2.381102E+00 1.720935E-02 6.991772E-02 1.213627E-01 
621 -7.143305E+00 -3.968503E+00 2.381102E+00 1.118504E-01 6.587079E-02 -5.452537E-02 
622 -5.555904E+00 -3.968503E+00 2.381102E+00 -1.581074E-02 -1.382500E-01 -3.998208E-03 
623 -3.968503E+00 -3.968503E+00 2.381102E+00 2.197751E-02 -7.788229E-02 1.123973E-01 
624 -2.381102E+00 -3.968503E+00 2.381102E+00 2.669827E-03 -1.387331E-01 2.560170E-03 
625 -7.937005E-01 -3.968503E+00 2.381102E+00 -1.351677E-01 -4.308209E-02 -2.015049E-02 
626 7.937005E-01 -3.968503E+00 2.381102E+00 1.525609E-02 -1.312822E-01 4.081672E-02 
627 2.381102E+00 -3.968503E+00 2.381102E+00 -5.692320E-03 1.262255E-01 -6.947098E-02 
628 3.968503E+00 -3.968503E+00 2.381102E+00 2.190975E-02 -1.338082E-01 -2.960963E-02 
629 5.555904E+00 -3.968503E+00 2.381102E+00 5.660151E-02 -6.930276E-03 -1.292156E-01 
630 7.143305E+00 -3.968503E+00 2.381102E+00 7.701276E-02 -3.228270E-04 -1.179476E-01 
631 -7.143305E+00 -2.381102E+00 2.381102E+00 1.088504E-01 -3.889657E-02 7.508070E-02 
632 -5.555904E+00 -2.381102E+00 2.381102E+00 6.793917E-02 -9.338068E-02 7.493574E-02 
633 -3.968503E+00 -2.381102E+00 2.381102E+00 -1.370066E-01 4.524396E-02 -1.178710E-02 
634 -2.381102E+00 -2.381102E+00 2.381102E+00 7.819736E-02 -9.700583E-02 5.826265E-02 
635 -7.937005E-01 -2.381102E+00 2.381102E+00 -2.238463E-02 -9.621488E-02 -1.005210E-01 
636 7.937005E-01 -2.381102E+00 2.381102E+00 4.874995E-02 -6.193190E-02 -1.160809E-01 
637 2.381102E+00 -2.381102E+00 2.381102E+00 -7.914620E-02 7.520505E-02 -9.529414E-02 
638 3.968503E+00 -2.381102E+00 2.381102E+00 9.255567E-02 -7.926181E-02 6.377087E-02 
639 5.555904E+00 -2.381102E+00 2.381102E+00 1.789156E-02 -9.370964E-03 1.380919E-01 
640 7.143305E+00 -2.381102E+00 2.381102E+00 1.154817E-01 -7.332017E-02 -1.769137E-02 
641 -7.143305E+00 -7.937005E-01 2.381102E+00 7.864925E-02 -1.098961E-01 2.591330E-02 
642 -5.555904E+00 -7.937005E-01 2.381102E+00 -3.531511E-02 5.390535E-02 1.263042E-01 
643 -3.968503E+00 -7.937005E-01 2.381102E+00 1.270926E-02 1.247780E-01 6.790231E-02 
644 -2.381102E+00 -7.937005E-01 2.381102E+00 4.075115E-02 -1.313589E-01 -1.479805E-02 
645 -7.937005E-01 -7.937005E-01 2.381102E+00 8.559604E-02 1.112347E-01 1.754401E-02 
646 7.937005E-01 -7.937005E-01 2.381102E+00 5.400847E-02 6.594683E-02 1.115972E-01 
647 2.381102E+00 -7.937005E-01 2.381102E+00 4.048527E-02 1.295618E-01 -4.553753E-02 
648 3.968503E+00 -7.937005E-01 2.381102E+00 -1.170961E-01 7.069778E-02 4.604979E-02 
649 5.555904E+00 -7.937005E-01 2.381102E+00 -1.338617E-01 -1.315348E-02 -5.156952E-02 
650 7.143305E+00 -7.937005E-01 2.381102E+00 9.565245E-02 -2.092290E-02 9.754471E-02 
651 -7.143305E+00 7.937005E-01 2.381102E+00 6.960630E-02 -1.176973E-01 1.645182E-02 
652 -5.555904E+00 7.937005E-01 2.381102E+00 -7.645506E-02 -9.634425E-02 6.786460E-02 
653 -3.968503E+00 7.937005E-01 2.381102E+00 -1.471076E-02 1.193587E-01 7.730872E-02 
654 -2.381102E+00 7.937005E-01 2.381102E+00 1.783243E-02 1.026370E-01 -9.884000E-02 
655 -7.937005E-01 7.937005E-01 2.381102E+00 4.337418E-02 -1.300975E-01 1.562537E-02 
656 7.937005E-01 7.937005E-01 2.381102E+00 7.797581E-02 -1.342207E-02 -1.162250E-01 
657 2.381102E+00 7.937005E-01 2.381102E+00 1.098284E-01 7.562928E-02 4.307586E-02 
658 3.968503E+00 7.937005E-01 2.381102E+00 -2.270783E-03 3.385494E-02 1.365709E-01 
659 5.555904E+00 7.937005E-01 2.381102E+00 7.693459E-02 -9.035994E-02 6.961921E-02 
660 7.143305E+00 7.937005E-01 2.381102E+00 -8.246621E-02 -5.049688E-02 1.027319E-01 
661 -7.143305E+00 2.381102E+00 2.381102E+00 9.891710E-02 -4.986702E-02 8.191224E-02 
662 -5.555904E+00 2.381102E+00 2.381102E+00 3.466475E-02 -3.688146E-02 -1.317713E-01 
663 -3.968503E+00 2.381102E+00 2.381102E+00 6.768206E-03 1.433375E-01 5.467169E-03 
664 -2.381102E+00 2.381102E+00 2.381102E+00 -1.013018E-02 1.018826E-01 -1.014529E-01 
665 -7.937005E-01 2.381102E+00 2.381102E+00 -4.518021E-02 -6.834513E-02 -1.159720E-01 
666 7.937005E-01 2.381102E+00 2.381102E+00 1.200295E-02 -1.141756E-01 7.723009E-02 
667 2.381102E+00 2.381102E+00 2.381102E+00 1.514690E-02 4.149257E-02 1.334293E-01 
668 3.968503E+00 2.381102E+00 2.381102E+00 5.843949E-02 1.297075E-01 5.918843E-03 
669 5.555904E+00 2.381102E+00 2.381102E+00 2.890873E-02 -1.229456E-01 -5.828805E-02 
670 7.143305E+00 2.381102E+00 2.381102E+00 1.356762E-01 1.552152E-02 2.448318E-02 
671 -7.143305E+00 3.968503E+00 2.381102E+00 -3.368801E-02 -6.941004E-02 -1.189511E-01 
672 -5.555904E+00 3.968503E+00 2.381102E+00 1.206019E-01 6.681083E-02 2.398349E-02 
673 -3.968503E+00 3.968503E+00 2.381102E+00 4.926031E-02 9.286745E-02 -9.668324E-02 
674 -2.381102E+00 3.968503E+00 2.381102E+00 -1.191412E-01 -6.546605E-02 4.125240E-02 
675 -7.937005E-01 3.968503E+00 2.381102E+00 2.142233E-02 1.183805E-01 -7.846111E-02 
676 7.937005E-01 3.968503E+00 2.381102E+00 1.105895E-01 5.359196E-02 6.607031E-02 
677 2.381102E+00 3.968503E+00 2.381102E+00 -1.271359E-01 2.455659E-02 -6.455097E-02 
678 3.968503E+00 3.968503E+00 2.381102E+00 -1.016825E-02 -1.265449E-01 -5.852797E-02 
679 5.555904E+00 3.968503E+00 2.381102E+00 1.052100E-01 -8.840976E-02 7.573097E-03 
680 7.143305E+00 3.968503E+00 2.381102E+00 7.613020E-03 6.833783E-02 1.233875E-01 
681 -7.143305E+00 5.555904E+00 2.381102E+00 8.667821E-02 -7.545173E-02 7.569887E-02 
682 -5.555904E+00 5.555904E+00 2.381102E+00 -7.880621E-02 -8.510290E-02 -8.199283E-02 
683 -3.968503E+00 5.555904E+00 2.381102E+00 5.551271E-03 4.100034E-02 1.344964E-01 
684 -2.381102E+00 5.555904E+00 2.381102E+00 1.185073E-01 5.539732E-02 4.862476E-02 
685 -7.937005E-01 5.555904E+00 2.381102E+00 9.120221E-03 -1.641556E-03 1.395465E-01 
686 7.937005E-01 5.555904E+00 2.381102E+00 2.995158E-02 -1.324906E-01 2.523103E-02 
687 2.381102E+00 5.555904E+00 2.381102E+00 -1.237812E-01 -2.567766E-02 -6.853119E-02 
688 3.968503E+00 5.555904E+00 2.381102E+00 3.123214E-02 1.384565E-01 -1.954860E-02 
689 5.555904E+00 5.555904E+00 2.381102E+00 6.608294E-02 -1.065050E-01 -5.934349E-02 
690 7.143305E+00 5.555904E+00 2.381102E+00 -5.689034E-02 1.317441E-01 -1.941196E-02 
691 -7.143305E+00 7.143305E+00 2.381102E+00 1.687113E-02 -7.114457E-03 -1.409108E-01 
692 -5.555904E+00 7.143305E+00 2.381102E+00 -6.751472E-02 -1.128152E-01 4.864467E-02 
693 -3.968503E+00 7.143305E+00 2.381102E+00 1.659118E-03 1.427135E-01 1.581380E-02 
694 -2.381102E+00 7.143305E+00 2.381102E+00 -2.611295E-02 1.151180E-01 -8.335216E-02 
695 -7.937005E-01 7.143305E+00 2.381102E+00 5.257418E-02 -9.517016E-02 8.473046E-02 
696 7.937005E-01 7.143305E+00 2.381102E+00 -4.723351E-02 -9.333585E-02 -9.515846E-02 
697 2.381102E+00 7.143305E+00 2.381102E+00 -4.021557E-02 -9.690912E-02 -9.450898E-02 
698 3.968503E+00 7.143305E+00 2.381102E+00 -7.744206E-02 1.164040E-01 -3.881297E-02 
699 5.555904E+00 7.143305E+00 2.381102E+00 -7.382012E-02 1.060234E-01 -6.603454E-02 
700 7.143305E+00 7.143305E+00 2.381102E+00 4.810097E-02 -3.406273E-02 -1.279982E-01 
701 -7.143305E+00 -7.143305E+00 3.968503E+00 -3.027313E-02 -1.336209E-01 -2.771518E-02 
702 -5.555904E+00 -7.143305E+00 3.968503E+00 -4.373100E-02 1.123637E-01 7.760734E-02 
703 -3.968503E+00 -7.143305E+00 3.968503E+00 7.847304E-02 -1.075199E-01 -3.723273E-02 
704 -2.381102E+00 -7.143305E+00 3.968503E+00 -8.558959E-02 -2.402320E-02 1.101389E-01 
705 -7.937005E-01 -7.143305E+00 3.968503E+00 1.294416E-01 4.585220E-02 2.398271E-02 
706 7.937005E-01 -7.143305E+00 3.968503E+00 1.124595E-01 -6.540282E-02 4.471654E-02 
707 2.381102E+00 -7.143305E+00 3.968503E+00 -1.144545E-01 -8.369166E-02 -9.470512E-03 
708 3.968503E+00 -7.143305E+00 3.968503E+00 -8.870048E-02 7.319221E-02 8.582004E-02 
709 5.555904E+00 -7.143305E+00 3.968503E+00 -2.828487E-02 1.378604E-01 3.026552E-02 
710 7.143305E+00 -7.143305E+00 3.968503E+00 -6.562864E-02 5.142005E-02 1.154684E-01 
711 -7.143305E+00 -5.555904E+00 3.968503E+00 -6.968959E-02 -2.329612E-02 -1.230217E-01 
712 -5.555904E+00 -5.555904E+00 3.968503E+00 5.108934E-02 -1.282421E-01 -2.926134E-03 
713 -3.968503E+00 -5.555904E+00 3.968503E+00 -1.115789E-01 -3.430218E-02 -8.354845E-02 
714 -2.381102E+00 -5.555904E+00 3.968503E+00 3.275962E-02 1.392303E-01 -5.471555E-03 
715 -7.937005E-01 -5.555904E+00 3.968503E+00 -1.758197E-02 -7.242250E-02 1.177062E-01 
716 7.937005E-01 -5.555904E+00 3.968503E+00 -3.533826E-02 5.064463E-02 -1.300642E-01 
717 2.381102E+00 -5.555904E+00 3.968503E+00 -2.263170E-02 6.567988E-02 -1.260950E-01 
718 3.968503E+00 -5.555904E+00 3.968503E+00 -7.299849E-02 5.734585E-02 -1.109117E-01 
719 5.555904E+00 -5.555904E+00 3.968503E+00 1.081205E-01 4.900567E-02 -7.563495E-02 
720 7.143305E+00 -5.555904E+00 3.968503E+00 6.838347E-03 -5.254009E-02 -1.311093E-01 
721 -7.143305E+00 -3.968503E+00 3.968503E+00 -2.041461E-03 1.252021E-01 -7.135630E-02 
722 -5.555904E+00 -3.968503E+00 3.968503E+00 -4.687395E-02 -9.493946E-02 9.116805E-02 
723 -3.968503E+00 -3.968503E+00 3.968503E+00 -5.419447E-02 -1.212738E-01 -4.616037E-02 
724 -2.381102E+00 -3.968503E+00 3.968503E+00 1.284769E-01 4.873209E-03 -5.385560E-02 
725 -7.937005E-01 -3.968503E+00 3.968503E+00 -1.725683E-03 1.301591E-01 -6.185535E-02 
726 7.937005E-01 -3.968503E+00 3.968503E+00 4.943238E-02 1.012066E-01 -8.792346E-02 
727 2.381102E+00 -3.968503E+00 3.968503E+00 -9.085281E-02 1.128863E-01 -5.206997E-03 
728 3.968503E+00 -3.968503E+00 3.968503E+00 -9.872176E-02 1.043825E-01 -2.053822E-02 
729 5.555904E+00 -3.968503E+00 3.968503E+00 -2.900588E-02 -8.745303E-02 -1.070925E-01 
730 7.143305E+00 -3.968503E+00 3.968503E+00 5.741193E-03 1.117568E-01 -9.049019E-02 
731 -7.143305E+00 -2.381102E+00 3.968503E+00 -3.140304E-02 -1.301872E-01 3.824242E-02 
732 -5.555904E+00 -2.381102E+00 3.968503E+00 -2.840165E-02 1.328605E-01 -4.937567E-02 
733 -3.968503E+00 -2.381102E+00 3.968503E+00 -1.254233E-01 4.174666E-03 6.886127E-02 
734 -2.381102E+00 -2.381102E+00 3.968503E+00 9.334995E-02 1.000172E-01 -3.643834E-02 
735 -7.937005E-01 -2.381102E+00 3.968503E+00 -3.902242E-02 -5.100083E-02 -1.269554E-01 
736 7.937005E-01 -2.381102E+00 3.968503E+00 -1.084165E-01 4.917031E-03 9.254577E-02 
737 2.381102E+00 -2.381102E+00 3.968503E+00 4.187296E-02 7.239348E-02 1.132205E-01 
738 3.968503E+00 -2.381102E+00 3.968503E+00 4.441619E-02 1.325005E-01 2.791979E-02 
739 5.555904E+00 -2.381102E+00 3.968503E+00 -2.039228E-02 -8.814582E-02 1.057867E-01 
740 7.143305E+00 -2.381102E+00 3.968503E+00 4.163202E-02 1.278671E-01 -4.909282E-02 
741 -7.143305E+00 -7.937005E-01 3.968503E+00 -1.207076E-01 -1.944179E-02 7.340854E-02 
742 -5.555904E+00 -7.937005E-01 3.968503E+00 -7.418511E-02 -8.729466E-02 8.129089E-02 
743 -3.968503E+00 -7.937005E-01 3.968503E+00 1.002934E-01 -3.495159E-02 -9.054039E-02 
744 -2.381102E+00 -7.937005E-01 3.968503E+00 -4.243400E-02 1.376484E-01 9.987655E-03 
745 -7.937005E-01 -7.937005E-01 3.968503E+00 5.396273E-03 4.682464E-02 1.327157E-01 
746 7.937005E-01 -7.937005E-01 3.968503E+00 -7.720326E-02 1.203058E-01 -2.453671E-02 
747 2.381102E+00 -7.937005E-01 3.968503E+00 6.226983E-02 1.137338E-01 -5.937259E-02 
748 3.968503E+00 -7.937005E-01 3.968503E+00 8.849574E-03 1.713103E-02 1.388632E-01 
749 5.555904E+00 -7.937005E-01 3.968503E+00 1.233779E-01 5.561976E-02 3.423901E-02 
750 7.143305E+00 -7.937005E-01 3.968503E+00 1.745285E-02 3.853643E-02 -1.364261E-01 
751 -7.143305E+00 7.937005E-01 3.968503E+00 -1.050785E-01 8.619384E-02 4.862581E-02 
752 -5.555904E+00 7.937005E-01 3.968503E+00 5.338726E-02 8.014689E-02 -1.051718E-01 
753 -3.968503E+00 7.937005E-01 3.968503E+00 -1.077890E-01 -9.082790E-02 1.399529E-02 
754 -2.381102E+00 7.937005E-01 3.968503E+00 7.122616E-02 -9.231200E-02 7.313284E-02 
755 -7.937005E-01 7.937005E-01 3.968503E+00 1.186454E-01 2.567036E-02 6.743330E-02 
756 7.937005E-01 7.937005E-01 3.968503E+00 2.988441E-02 -1.335191E-01 -2.191180E-02 
757 2.381102E+00 7.937005E-01 3.968503E+00 -4.916261E-02 8.925552E-02 -1.026806E-01 
758 3.968503E+00 7.937005E-01 3.968503E+00 8.511908E-02 -6.157719E-02 8.912148E-02 
759 5.555904E+00 7.937005E-01 3.968503E+00 8.046209E-02 8.474831E-02 7.808389E-02 
760 7.143305E+00 7.937005E-01 3.968503E+00 -6.881853E-02 1.198781E-01 4.143581E-02 
761 -7.143305E+00 2.381102E+00 3.968503E+00 1.207535E-01 -6.138350E-02 -2.700282E-02 
762 -5.555904E+00 2.381102E+00 3.968503E+00 7.991502E-02 -3.640138E-02 1.066607E-01 
763 -3.968503E+00 2.381102E+00 3.968503E+00 1.036679E-01 9.511914E-02 7.773762E-03 
764 -2.381102E+00 2.381102E+00 3.968503E+00 -2.505292E-02 -1.016825E-01 9.166832E-02 
765 -7.937005E-01 2.381102E+00 3.968503E+00 8.782512E-02 -8.236834E-02 6.649307E-02 
766 7.937005E-01 2.381102E+00 3.968503E+00 4.462506E-02 -5.609062E-02 1.183829E-01 
767 2.381102E+00 2.381102E+00 3.968503E+00 -2.989045E-02 -1.283115E-01 -4.749071E-02 
768 3.968503E+00 2.381102E+00 3.968503E+00 -1.479872E-02 1.131259E-01 8.585722E-02 
769 5.555904E+00 2.381102E+00 3.968503E+00 7.416422E-02 1.148667E-01 3.667051E-02 
770 7.143305E+00 2.381102E+00 3.968503E+00 -3.669918E-02 -5.522227E-03 -1.382170E-01 
771 -7.143305E+00 3.968503E+00 3.968503E+00 1.220304E-01 -4.717857E-02 4.300532E-02 
772 -5.555904E+00 3.968503E+00 3.968503E+00 -1.847578E-02 1.429140E-01 -3.465210E-03 
773 -3.968503E+00 3.968503E+00 3.968503E+00 6.911265E-02 6.227723E-02 1.047962E-01 
774 -2.381102E+00 3.968503E+00 3.968503E+00 4.857911E-02 -1.284305E-01 -1.598904E-02 
775 -7.937005E-01 3.968503E+00 3.968503E+00 -2.826805E-02 1.270077E-01 6.051703E-02 
776 7.937005E-01 3.968503E+00 3.968503E+00 -9.123802E-02 -8.756610E-03 1.083623E-01 
777 2.381102E+00 3.968503E+00 3.968503E+00 1.303155E-01 5.028034E-02 -2.297653E-03 
778 3.968503E+00 3.968503E+00 3.968503E+00 1.810656E-03 3.247433E-02 1.368052E-01 
779 5.555904E+00 3.968503E+00 3.968503E+00 3.281327E-02 -1.238513E-01 5.131808E-02 
780 7.143305E+00 3.968503E+00 3.968503E+00 -1.064362E-02 -1.338317E-01 -3.785937E-02 
781 -7.143305E+00 5.555904E+00 3.968503E+00 -6.017888E-02 1.116168E-01 -7.025404E-02 
782 -5.555904E+00 5.555904E+00 3.968503E+00 7.338372E-02 -8.703276E-02 7.737563E-02 
783 -3.968503E+00 5.555904E+00 3.968503E+00 5.820226E-02 -8.645624E-02 -9.270615E-02 
784 -2.381102E+00 5.555904E+00 3.968503E+00 1.899808E-04 1.392895E-01 3.411305E-02 
785 -7.937005E-01 5.555904E+00 3.968503E+00 -1.036630E-01 1.007706E-01 -1.228925E-02 
786 7.937005E-01 5.555904E+00 3.968503E+00 -1.422468E-01 -1.108928E-02 -1.920407E-02 
787 2.381102E+00 5.555904E+00 3.968503E+00 5.364781E-02 -1.241602E-01 -2.902398E-02 
788 3.968503E+00 5.555904E+00 3.968503E+00 5.648168E-02 1.070726E-01 -7.564617E-02 
789 5.555904E+00 5.555904E+00 3.968503E+00 -2.941561E-02 -1.362047E-01 4.839360E-03 
790 7.143305E+00 5.555904E+00 3.968503E+00 1.285434E-01 1.727512E-03 5.124067E-02 
791 -7.143305E+00 7.143305E+00 3.968503E+00 8.364799E-02 -6.915610E-02 -8.724322E-02 
792 -5.555904E+00 7.143305E+00 3.968503E+00 3.004409E-02 1.082858E-01 -8.905468E-02 
793 -3.968503E+00 7.143305E+00 3.968503E+00 5.334923E-03 1.764983E-02 1.390534E-01 
794 -2.381102E+00 7.143305E+00 3.968503E+00 9.210689E-03 1.212302E-01 7.446601E-02 
795 -7.937005E-01 7.143305E+00 3.968503E+00 -1.249310E-02 -1.036367E-01 9.163032E-02 
796 7.937005E-01 7.143305E+00 3.968503E+00 1.290964E-01 4.529650E-02 2.660192E-02 
797 2.381102E+00 7.143305E+00 3.968503E+00 1.180766E-01 3.287177E-02 6.560068E-02 
798 3.968503E+00 7.143305E+00 3.968503E+00 4.803791E-02 -2.101699E-02 1.285756E-01 
799 5.555904E+00 7.143305E+00 3.968503E+00 1.266801E-01 -5.310621E-02 1.113223E-02 
800 7.143305E+00 7.143305E+00 3.968503E+00 4.602802E-02 1.285542E-01 4.006799E-02 
801 -7.143305E+00 -7.143305E+00 5.555904E+00 -1.024331E-01 7.538909E-02 6.741517E-02 
802 -5.555904E+00 -7.143305E+00 5.555904E+00 6.952669E-02 9.469898E-02 -8.034668E-02 
803 -3.968503E+00 -7.143305E+00 5.555904E+00 -3.557032E-02 -1.278129E-01 4.265131E-02 
804 -2.381102E+00 -7.143305E+00 5.555904E+00 -1.184213E-01 -6.168495E-02 4.847942E-02 
805 -7.937005E-01 -7.143305E+00 5.555904E+00 1.282460E-01 -4.866157E-02 1.357858E-02 
806 7.937005E-01 -7.143305E+00 5.555904E+00 1.160589E-01 -7.406573E-02 3.225899E-03 
807 2.381102E+00 -7.143305E+00 5.555904E+00 -1.269878E-01 -6.473526E-02 2.776605E-03 
808 3.968503E+00 -7.143305E+00 5.555904E+00 -6.413127E-03 -7.799361E-03 -1.421779E-01 
809 5.555904E+00 -7.143305E+00 5.555904E+00 -4.111577E-02 1.384486E-01 2.259450E-03 
810 7.143305E+00 -7.143305E+00 5.555904E+00 -2.541499E-02 -1.185838E-01 -7.061293E-02 
811 -7.143305E+00 -5.555904E+00 5.555904E+00 4.598797E-02 -7.870043E-03 -1.335479E-01 
812 -5.555904E+00 -5.555904E+00 5.555904E+00 -3.941362E-02 7.115825E-02 -1.192031E-01 
813 -3.968503E+00 -5.555904E+00 5.555904E+00 6.516859E-02 -7.236149E-03 1.223631E-01 
814 -2.381102E+00 -5.555904E+00 5.555904E+00 -6.124807E-02 -1.214816E-01 3.323666E-02 
815 -7.937005E-01 -5.555904E+00 5.555904E+00 1.037911E-01 -3.560219E-02 8.355076E-02 
816 7.937005E-01 -5.555904E+00 5.555904E+00 -9.249799E-02 1.032191E-01 4.075507E-02 
817 2.381102E+00 -5.555904E+00 5.555904E+00 7.179070E-02 -1.006619E-01 6.036612E-02 
818 3.968503E+00 -5.555904E+00 5.555904E+00 -9.962529E-02 -9.097701E-02 4.180624E-02 
819 5.555904E+00 -5.555904E+00 5.555904E+00 -2.285561E-02 -7.505553E-03 -1.407996E-01 
820 7.143305E+00 -5.555904E+00 5.555904E+00 1.383230E-01 4.481010E-03 -1.068760E-02 
821 -7.143305E+00 -3.968503E+00 5.555904E+00 -9.743251E-02 -8.057071E-03 1.031279E-01 
822 -5.555904E+00 -3.968503E+00 5.555904E+00 -1.112528E-01 -7.136458E-02 5.114445E-02 
823 -3.968503E+00 -3.968503E+00 5.555904E+00 -1.196348E-01 -7.363090E-02 2.145002E-02 
824 -2.381102E+00 -3.968503E+00 5.555904E+00 5.692405E-02 3.005778E-02 1.239058E-01 
825 -7.937005E-01 -3.968503E+00 5.555904E+00 1.177772E-01 4.405693E-02 5.987210E-02 
826 7.937005E-01 -3.968503E+00 5.555904E+00 -4.776132E-02 1.362482E-01 5.901256E-03 
827 2.381102E+00 -3.968503E+00 5.555904E+00 1.837835E-02 8.063892E-02 -1.171136E-01 
828 3.968503E+00 -3.968503E+00 5.555904E+00 -8.086972E-02 -1.034748E-01 -5.268939E-02 
829 5.555904E+00 -3.968503E+00 5.555904E+00 -1.330428E-01 2.570575E-03 -5.593166E-02 
830 7.143305E+00 -3.968503E+00 5.555904E+00 -7.023754E-02 -9.421062E-02 -7.917469E-02 
831 -7.143305E+00 -2.381102E+00 5.555904E+00 -1.046314E-01 -8.156413E-02 4.903751E-02 
832 -5.555904E+00 -2.381102E+00 5.555904E+00 6.563268E-03 2.088675E-02 1.385892E-01 
833 -3.968503E+00 -2.381102E+00 5.555904E+00 -1.186865E-01 -2.303945E-02 7.540682E-02 
834 -2.381102E+00 -2.381102E+00 5.555904E+00 -6.976782E-03 -4.136441E-02 1.330664E-01 
835 -7.937005E-01 -2.381102E+00 5.555904E+00 4.667370E-02 -9.210826E-02 -9.397750E-02 
836 7.937005E-01 -2.381102E+00 5.555904E+00 7.208338E-02 -6.666312E-02 9.677707E-02 
837 2.381102E+00 -2.381102E+00 5.555904E+00 -2.415536E-02 -4.718684E-02 -1.318417E-01 
838 3.968503E+00 -2.381102E+00 5.555904E+00 -6.796870E-02 5.034249E-02 1.146272E-01 
839 5.555904E+00 -2.381102E+00 5.555904E+00 3.566238E-02 1.445474E-02 -1.367659E-01 
840 7.143305E+00 -2.381102E+00 5.555904E+00 -8.109724E-02 -9.893429E-02 -6.084690E-02 
841 -7.143305E+00 -7.937005E-01 5.555904E+00 -6.555898E-02 -1.192122E-01 3.372633E-02 
842 -5.555904E+00 -7.937005E-01 5.555904E+00 4.049605E-02 -3.478102E-02 -1.305826E-01 
843 -3.968503E+00 -7.937005E-01 5.555904E+00 -4.197433E-02 -1.236533E-02 1.337226E-01 
844 -2.381102E+00 -7.937005E-01 5.555904E+00 -1.002085E-01 -4.241129E-02 9.071715E-02 
845 -7.937005E-01 -7.937005E-01 5.555904E+00 6.924715E-02 -4.303214E-02 -1.140945E-01 
846 7.937005E-01 -7.937005E-01 5.555904E+00 -1.286683E-01 -4.069876E-02 4.616778E-02 
847 2.381102E+00 -7.937005E-01 5.555904E+00 -1.322737E-01 3.739847E-02 4.313174E-02 
848 3.968503E+00 -7.937005E-01 5.555904E+00 8.453904E-02 5.276585E-02 9.794479E-02 
849 5.555904E+00 -7.937005E-01 5.555904E+00 -8.046968E-02 -8.058796E-02 -8.511752E-02 
850 7.143305E+00 -7.937005E-01 5.555904E+00 -1.508174E-03 7.788035E-02 1.182955E-01 
851 -7.143305E+00 7.937005E-01 5.555904E+00 -2.784018E-03 -5.218474E-02 -1.316084E-01 
852 -5.555904E+00 7.937005E-01 5.555904E+00 4.008918E-02 3.255222E-03 1.334675E-01 
853 -3.968503E+00 7.937005E-01 5.555904E+00 -4.585172E-03 7.685210E-02 -1.214280E-01 
854 -2.381102E+00 7.937005E-01 5.555904E+00 1.120427E-01 -6.214467E-02 -5.263331E-02 
855 -7.937005E-01 7.937005E-01 5.555904E+00 -5.010027E-02 1.312211E-01 -3.522995E-02 
856 7.937005E-01 7.937005E-01 5.555904E+00 -1.134321E-01 4.170456E-02 -7.985028E-02 
857 2.381102E+00 7.937005E-01 5.555904E+00 8.987437E-02 6.485419E-02 8.545639E-02 
858 3.968503E+00 7.937005E-01 5.555904E+00 2.992941E-02 -7.243056E-03 -1.384399E-01 
859 5.555904E+00 7.937005E-01 5.555904E+00 -1.014517E-01 1.123624E-02 -1.020001E-01 
860 7.143305E+00 7.937005E-01 5.555904E+00 -1.127540E-01 -4.886046E-02 -7.359159E-02 
861 -7.143305E+00 2.381102E+00 5.555904E+00 4.175205E-02 -3.805134E-02 -1.291662E-01 
862 -5.555904E+00 2.381102E+00 5.555904E+00 -3.808907E-02 1.388305E-01 -1.272497E-02 
863 -3.968503E+00 2.381102E+00 5.555904E+00 7.049282E-04 -1.381417E-01 -1.533430E-02 
864 -2.381102E+00 2.381102E+00 5.555904E+00 -2.728408E-02 1.415398E-01 -7.037532E-03 
865 -7.937005E-01 2.381102E+00 5.555904E+00 3.315513E-03 1.384673E-01 3.679018E-02 
866 7.937005E-01 2.381102E+00 5.555904E+00 -1.339567E-01 4.382447E-02 3.100606E-02 
867 2.381102E+00 2.381102E+00 5.555904E+00 -6.281424E-02 -4.298672E-02 -1.208329E-01 
868 3.968503E+00 2.381102E+00 5.555904E+00 -1.273074E-01 -2.449163E-04 6.542215E-02 
869 5.555904E+00 2.381102E+00 5.555904E+00 -6.004001E-02 -8.035636E-02 -1.004089E-01 
870 7.143305E+00 2.381102E+00 5.555904E+00 1.192117E-02 1.172349E-01 7.995389E-02 
871 -7.143305E+00 3.968503E+00 5.555904E+00 1.415672E-02 -1.148891E-01 7.571885E-02 
872 -5.555904E+00 3.968503E+00 5.555904E+00 2.545793E-02 8.067706E-02 1.130748E-01 
873 -3.968503E+00 3.968503E+00 5.555904E+00 1.212892E-01 6.082102E-02 -3.591531E-02 
874 -2.381102E+00 3.968503E+00 5.555904E+00 1.632644E-02 1.322576E-01 5.139806E-02 
875 -7.937005E-01 3.968503E+00 5.555904E+00 -9.013068E-02 -5.443451E-02 9.413413E-02 
876 7.937005E-01 3.968503E+00 5.555904E+00 1.072638E-01 -8.597050E-02 -9.480260E-03 
877 2.381102E+00 3.968503E+00 5.555904E+00 2.276871E-02 2.612736E-02 1.357598E-01 
878 3.968503E+00 3.968503E+00 5.555904E+00 1.171717E-01 -3.690966E-02 -6.497547E-02 
879 5.555904E+00 3.968503E+00 5.555904E+00 1.265243E-01 -5.084877E-02 1.971194E-02 
880 7.143305E+00 3.968503E+00 5.555904E+00 8.419188E-02 -4.838706E-02 9.796922E-02 
881 -7.143305E+00 5.555904E+00 5.555904E+00 -4.975423E-02 1.092083E-01 -8.107041E-02 
882 -5.555904E+00 5.555904E+00 5.555904E+00 -4.253271E-02 7.810506E-02 1.113190E-01 
883 -3.968503E+00 5.555904E+00 5.555904E+00 -9.975694E-02 -8.138962E-02 5.814797E-02 
884 -2.381102E+00 5.555904E+00 5.555904E+00 -1.432451E-01 1.726834E-02 1.450585E-03 
885 -7.937005E-01 5.555904E+00 5.555904E+00 8.351117E-02 4.202419E-02 -1.060494E-01 
886 7.937005E-01 5.555904E+00 5.555904E+00 -5.163033E-02 1.349053E-01 5.456230E-03 
887 2.381102E+00 5.555904E+00 5.555904E+00 3.443741E-02 -1.252436E-01 -4.912091E-02 
888 3.968503E+00 5.555904E+00 5.555904E+00 7.395166E-02 6.583215E-02 9.919647E-02 
889 5.555904E+00 5.555904E+00 5.555904E+00 2.351840E-02 4.250732E-02 1.317516E-01 
890 7.143305E+00 5.555904E+00 5.555904E+00 8.962317E-02 1.060671E-01 -2.814347E-02 
891 -7.143305E+00 7.143305E+00 5.555904E+00 1.210499E-01 -6.576760E-02 2.058681E-03 
892 -5.555904E+00 7.143305E+00 5.555904E+00 -4.132246E-02 -9.275448E-02 9.581516E-02 
893 -3.968503E+00 7.143305E+00 5.555904E+00 1.379906E-01 6.248740E-03 1.188261E-02 
894 -2.381102E+00 7.143305E+00 5.555904E+00 -4.355147E-02 -9.729020E-02 -9.268258E-02 
895 -7.937005E-01 7.143305E+00 5.555904E+00 2.987491E-02 -1.304807E-01 -3.652938E-02 
896 7.937005E-01 7.143305E+00 5.555904E+00 1.291524E-02 -6.142475E-02 -1.263671E-01 
897 2.381102E+00 7.143305E+00 5.555904E+00 4.281638E-02 -1.268557E-01 3.317184E-02 
898 3.968503E+00 7.143305E+00 5.555904E+00 2.021566E-02 2.852181E-02 -1.382749E-01 
899 5.555904E+00 7.143305E+00 5.555904E+00 1.335321E-01 2.040082E-03 -3.894875E-02 
900 7.143305E+00 7.143305E+00 5.555904E+00 1.373642E-01 2.045840E-02 4.983589E-03 
901 -7.143305E+00 -7.143305E+00 7.143305E+00 -1.422251E-01 1.826106E-03 -2.387050E-02 
902 -5.555904E+00 -7.143305E+00 7.143305E+00 -8.982276E-02 2.777839E-02 -1.096396E-01 
903 -3.968503E+00 -7.143305E+00 7.143305E+00 6.679192E-02 -5.480721E-02 1.077055E-01 
904 -2.381102E+00 -7.143305E+00 7.143305E+00 9.430852E-02 6.519835E-02 8.020127E-02 
905 -7.937005E-01 -7.143305E+00 7.143305E+00 5.587180E-02 6.272880E-02 1.124070E-01 
906 7.937005E-01 -7.143305E+00 7.143305E+00 1.107519E-01 3.960629E-02 -7.694376E-02 
907 2.381102E+00 -7.143305E+00 7.143305E+00 1.157642E-01 -7.464308E-02 -1.417719E-04 
908 3.968503E+00 -7.143305E+00 7.143305E+00 -1.157313E-01 1.557801E-02 -8.510319E-02 
909 5.555904E+00 -7.143305E+00 7.143305E+00 -4.942615E-02 -1.070998E-01 -7.735577E-02 
910 7.143305E+00 -7.143305E+00 7.143305E+00 -2.236872E-02 1.328097E-01 4.977133E-02 
911 -7.143305E+00 -5.555904E+00 7.143305E+00 8.623741E-02 1.052755E-01 -3.998405E-02 
912 -5.555904E+00 -5.555904E+00 7.143305E+00 -5.037078E-02 -1.304124E-01 5.897728E-03 
913 -3.968503E+00 -5.555904E+00 7.143305E+00 5.185958E-02 1.957258E-02 1.280209E-01 
914 -2.381102E+00 -5.555904E+00 7.143305E+00 8.093306E-04 -6.357781E-03 -1.422809E-01 
915 -7.937005E-01 -5.555904E+00 7.143305E+00 -7.252643E-02 -9.359380E-02 -7.790976E-02 
916 7.937005E-01 -5.555904E+00 7.143305E+00 2.473067E-02 -5.348770E-02 1.256248E-01 
917 2.381102E+00 -5.555904E+00 7.143305E+00 1.223245E-02 7.107684E-03 1.392338E-01 
918 3.968503E+00 -5.555904E+00 7.143305E+00 -6.995749E-02 1.814845E-02 1.220800E-01 
919 5.555904E+00 -5.555904E+00 7.143305E+00 4.941350E-02 8.627641E-02 9.994317E-02 
920 7.143305E+00 -5.555904E+00 7.143305E+00 1.319157E-01 4.401204E-02 1.028350E-02 
921 -7.143305E+00 -3.968503E+00 7.143305E+00 -3.868823E-02 1.178524E-01 7.203272E-02 
922 -5.555904E+00 -3.968503E+00 7.143305E+00 7.170402E-02 -8.128078E-02 -8.745349E-02 
923 -3.968503E+00 -3.968503E+00 7.143305E+00 -1.034859E-01 -4.749835E-02 -8.683845E-02 
924 -2.381102E+00 -3.968503E+00 7.143305E+00 -1.062513E-01 6.316293E-03 -9.738378E-02 
925 -7.937005E-01 -3.968503E+00 7.143305E+00 9.105619E-03 1.360281E-01 -4.598600E-02 
926 7.937005E-01 -3.968503E+00 7.143305E+00 2.667336E-02 -4.377846E-02 1.290539E-01 
927 2.381102E+00 -3.968503E+00 7.143305E+00 -1.320894E-01 -4.419929E-02 -3.381212E-02 
928 3.968503E+00 -3.968503E+00 7.143305E+00 1.057971E-01 2.281363E-02 8.703853E-02 
929 5.555904E+00 -3.968503E+00 7.143305E+00 -6.512595E-02 -1.160061E-01 -4.649864E-02 
930 7.143305E+00 -3.968503E+00 7.143305E+00 -2.755370E-02 -1.101831E-01 8.043751E-02 
931 -7.143305E+00 -2.381102E+00 7.143305E+00 -9.103360E-02 1.015795E-01 -4.975659E-02 
932 -5.555904E+00 -2.381102E+00 7.143305E+00 -1.229197E-01 -6.997450E-02 1.546332E-02 
933 -3.968503E+00 -2.381102E+00 7.143305E+00 1.033495E-01 6.168943E-02 -7.354294E-02 
934 -2.381102E+00 -2.381102E+00 7.143305E+00 1.270805E-01 1.567176E-02 5.318546E-02 
935 -7.937005E-01 -2.381102E+00 7.143305E+00 -5.255114E-02 -4.791019E-02 -1.235484E-01 
936 7.937005E-01 -2.381102E+00 7.143305E+00 -8.230341E-02 -1.142747E-01 -5.117603E-03 
937 2.381102E+00 -2.381102E+00 7.143305E+00 7.778313E-02 -7.029527E-02 8.935347E-02 
938 3.968503E+00 -2.381102E+00 7.143305E+00 4.275727E-02 4.420755E-02 -1.284160E-01 
939 5.555904E+00 -2.381102E+00 7.143305E+00 -6.503166E-02 -8.886578E-02 -8.930231E-02 
940 7.143305E+00 -2.381102E+00 7.143305E+00 -6.820667E-02 1.267362E-01 -1.690427E-02 
941 -7.143305E+00 -7.937005E-01 7.143305E+00 1.153444E-01 -4.528833E-02 -6.261505E-02 
942 -5.555904E+00 -7.937005E-01 7.143305E+00 -4.576699E-02 1.071155E-01 -8.594390E-02 
943 -3.968503E+00 -7.937005E-01 7.143305E+00 -1.223277E-01 4.323922E-02 -6.454304E-02 
944 -2.381102E+00 -7.937005E-01 7.143305E+00 -1.228620E-01 -4.805242E-02 -5.591778E-02 
945 -7.937005E-01 -7.937005E-01 7.143305E+00 -1.236301E-01 2.478312E-02 -7.094326E-02 
946 7.937005E-01 -7.937005E-01 7.143305E+00 1.317216E-01 4.401473E-02 1.235145E-02 
947 2.381102E+00 -7.937005E-01 7.143305E+00 9.647799E-02 1.019748E-01 -1.680010E-02 
948 3.968503E+00 -7.937005E-01 7.143305E+00 -1.085260E-01 -8.462686E-02 -3.582577E-02 
949 5.555904E+00 -7.937005E-01 7.143305E+00 -7.803626E-02 1.220055E-01 -4.989553E-03 
950 7.143305E+00 -7.937005E-01 7.143305E+00 -1.018064E-01 8.700221E-02 5.362152E-02 
951 -7.143305E+00 7.937005E-01 7.143305E+00 1.120454E-01 -6.718015E-02 4.306396E-02 
952 -5.555904E+00 7.937005E-01 7.143305E+00 -1.044054E-02 2.769698E-02 -1.401139E-01 
953 -3.968503E+00 7.937005E-01 7.143305E+00 2.516241E-02 8.179629E-02 -1.148726E-01 
954 -2.381102E+00 7.937005E-01 7.143305E+00 2.137248E-02 -1.094325E-01 -8.419364E-02 
955 -7.937005E-01 7.937005E-01 7.143305E+00 9.334624E-02 2.945143E-02 9.888671E-02 
956 7.937005E-01 7.937005E-01 7.143305E+00 -4.798424E-02 -1.268622E-01 3.344651E-02 
957 2.381102E+00 7.937005E-01 7.143305E+00 -1.234871E-01 -6.514707E-02 2.736279E-02 
958 3.968503E+00 7.937005E-01 7.143305E+00 1.871810E-03 -9.510961E-02 -1.034182E-01 
959 5.555904E+00 7.937005E-01 7.143305E+00 8.513177E-02 -3.005363E-02 1.046211E-01 
960 7.143305E+00 7.937005E-01 7.143305E+00 -3.150485E-02 1.401918E-01 -1.471350E-02 
961 -7.143305E+00 2.381102E+00 7.143305E+00 -1.021142E-01 9.632151E-02 -3.712672E-02 
962 -5.555904E+00 2.381102E+00 7.143305E+00 1.005606E-01 -8.076452E-02 4.764512E-02 
963 -3.968503E+00 2.381102E+00 7.143305E+00 9.970854E-02 9.984346E-02 1.949976E-03 
964 -2.381102E+00 2.381102E+00 7.143305E+00 -8.163932E-02 -1.031499E-01 -5.217953E-02 
965 -7.937005E-01 2.381102E+00 7.143305E+00 -1.154605E-01 -8.042494E-02 1.859882E-02 
966 7.937005E-01 2.381102E+00 7.143305E+00 -2.794231E-02 1.149757E-01 8.050562E-02 
967 2.381102E+00 2.381102E+00 7.143305E+00 8.533000E-02 6.517243E-02 -9.234712E-02 
968 3.968503E+00 2.381102E+00 7.143305E+00 -1.163088E-01 -2.059727E-02 7.962515E-02 
969 5.555904E+00 2.381102E+00 7.143305E+00 8.257419E-02 1.136307E-01 -1.997669E-02 
970 7.143305E+00 2.381102E+00 7.143305E+00 4.491009E-02 6.604180E-02 -1.181741E-01 
971 -7.143305E+00 3.968503E+00 7.143305E+00 7.013468E-04 1.437430E-01 1.712209E-03 
972 -5.555904E+00 3.968503E+00 7.143305E+00 9.433254E-02 1.052106E-01 -4.132260E-03 
973 -3.968503E+00 3.968503E+00 7.143305E+00 -6.345174E-02 8.529384E-02 -9.834839E-02 
974 -2.381102E+00 3.968503E+00 7.143305E+00 2.112066E-02 -1.353839E-01 -2.151205E-02 
975 -7.937005E-01 3.968503E+00 7.143305E+00 4.511672E-02 -7.162524E-02 -1.117235E-01 
976 7.937005E-01 3.968503E+00 7.143305E+00 -1.431448E-01 1.206273E-03 1.465767E-02 
977 2.381102E+00 3.968503E+00 7.143305E+00 3.075760E-02 1.117336E-01 -8.444159E-02 
978 3.968503E+00 3.968503E+00 7.143305E+00 1.027860E-01 -2.715875E-02 8.805715E-02 
979 5.555904E+00 3.968503E+00 7.143305E+00 -1.283416E-01 -5.282911E-02 -3.495818E-02 
980 7.143305E+00 3.968503E+00 7.143305E+00 1.309600E-01 -2.358336E-02 3.665996E-02 
981 -7.143305E+00 5.555904E+00 7.143305E+00 -1.247424E-01 -4.123754E-02 5.510006E-02 
982 -5.555904E+00 5.555904E+00 7.143305E+00 1.893340E-02 -3.014853E-02 -1.370747E-01 
983 -3.968503E+00 5.555904E+00 7.143305E+00 -4.347225E-02 7.490503E-02 -1.155725E-01 
984 -2.381102E+00 5.555904E+00 7.143305E+00 6.631736E-02 1.213348E-01 -3.421457E-02 
985 -7.937005E-01 5.555904E+00 7.143305E+00 -6.766089E-02 3.026670E-02 1.211713E-01 
986 7.937005E-01 5.555904E+00 7.143305E+00 -1.001343E-01 9.040853E-02 -5.370810E-02 
987 2.381102E+00 5.555904E+00 7.143305E+00 1.073922E-01 9.102784E-02 -5.335159E-03 
988 3.968503E+00 5.555904E+00 7.143305E+00 -1.092538E-01 6.498060E-02 -6.993362E-02 
989 5.555904E+00 5.555904E+00 7.143305E+00 -5.382534E-03 -9.354312E-02 1.024587E-01 
990 7.143305E+00 5.555904E+00 7.143305E+00 -7.642587E-02 -1.049269E-01 -5.612475E-02 
991 -7.143305E+00 7.143305E+00 7.143305E+00 8.352916E-02 -2.607233E-02 -1.095572E-01 
992 -5.555904E+00 7.143305E+00 7.143305E+00 -1.099126E-01 2.524538E-03 -9.336338E-02 
993 -3.968503E+00 7.143305E+00 7.143305E+00 -1.172233E-01 -1.044160E-02 8.058788E-02 
994 -2.381102E+00 7.143305E+00 7.143305E+00 -4.361023E-03 1.150486E-01 8.420236E-02 
995 -7.937005E-01 7.143305E+00 7.143305E+00 6.613704E-02 1.226285E-01 -2.957462E-02 
996 7.937005E-01 7.143305E+00 7.143305E+00 6.405775E-02 -5.613792E-02 -1.112016E-01 
997 2.381102E+00 7.143305E+00 7.143305E+00 1.110480E-01 -7.873477E-02 1.993107E-02 
998 3.968503E+00 7.143305E+00 7.143305E+00 6.760484E-02 6.526231E-02 -1.065772E-01 
999 5.555904E+00 7.143305E+00 7.143305E+00 -1.424421E-01 2.317700E-02 3.494894E-03 
1000 7.143305E+00 7.143305E+00 7.143305E+00 -1.205259E-01 1.912995E-02 -7.753040E-02 
